function vf2 = vf_koopman(in1,in2,u1)
%VF_KOOPMAN
%    VF2 = VF_KOOPMAN(IN1,IN2,U1)

%    This function was generated by the Symbolic Math Toolbox version 7.2.
%    23-Oct-2018 18:36:19

x1 = in1(1,:);
x2 = in1(2,:);
x3 = in1(3,:);
x4 = in1(4,:);
t2 = x1.^2;
t3 = x2.^2;
t4 = x3.^2;
t5 = x4.^2;
t6 = t2.^2;
t7 = t4.^2;
t8 = t3.^2;
t9 = t5.^2;
vf2 = [t2.*(-1.48518350275493e-1-2.752616889649765e-13i)+t3.*(-5.299929681916653e-2-3.545204030492301e-12i)+t4.*(-5.869820048928723e-3-1.358278047702702e-13i)+t5.*(1.307751277988703e-1-7.613753241508765e-12i)+t6.*(-1.462913124467474e-3-8.906844307510146e-6i)+t7.*(1.469332183129382e-2+1.921994649083658e-5i)+t8.*(-2.991367942103922e-2-1.712176728074369e-6i)+t9.*(2.981076760212525e-2+9.751509387212475e-6i)+u1.*(2.147406282848365e2+1.588773393001e1i)+x1.*(-2.637827657232064-9.981878909500476e-13i)+x2.*(2.625906113562209-3.946866890928735e-12i)+x3.*(8.285579031483594e-1+7.450537088354693e-13i)+x4.*(4.970107287958322e-1-6.899556959288604e-12i)+t2.*t3.*(-1.334186618521944e-2-6.142844466120236e-5i)+t2.*t4.*(1.58453499866654e-3-2.003690086524743e-6i)+t2.*t5.*(-3.021760691249234e-3-4.338364743125281e-5i)+t3.*t4.*(3.770618031362378e-4+4.274601587709072e-5i)+t2.*t6.*(-1.445896527456537e-4-2.222674001076369e-5i)+t3.*t5.*(-2.266882476954115e-4-1.202532210229403e-5i)+t2.*t7.*(8.315635956557237e-5-5.012959592031826e-5i)+t3.*t6.*(-2.379132991302343e-4-1.960346208992237e-5i)+t4.*t5.*(1.238596685751758e-2+5.079813896533605e-5i)+t2.*t8.*(-3.650178474378501e-4+9.672939892867894e-6i)+t3.*t7.*(8.291354565367613e-5+2.076249600237166e-5i)+t4.*t6.*(-5.353391391639488e-5+1.464037443571531e-5i)+t2.*t9.*(-1.043016501969079e-5+5.284959101290539e-5i)+t3.*t8.*(-4.928000254034379e-4-1.367526113044581e-6i)+t4.*t7.*(1.556652727701657e-4-3.550318058691664e-4i)+t5.*t6.*(-5.902093275409166e-5-9.742146967006272e-6i)+t3.*t9.*(9.7530775836295e-5-1.216289549356088e-4i)+t4.*t8.*(-1.725876103256398e-4+2.73456222033446e-5i)+t5.*t7.*(5.895289015008703e-4+1.281692862834059e-4i)+t4.*t9.*(5.853781175868965e-4+1.122240287658138e-3i)+t5.*t8.*(2.879217186738928e-6+1.074459270713763e-5i)+t5.*t9.*(3.521865552482681e-5-4.169363882029208e-4i)+t2.*x1.*(-1.687290351045456-2.605917316902628e-7i)+t2.*x2.*(-7.649267507802132e-1+7.501960731940464e-7i)+t3.*x1.*(-1.542665192332793e-1-5.082314626993315e-7i)+t2.*x3.*(9.69267602457506e-2-3.029523642411517e-6i)+t3.*x2.*(2.780752483445652e-1-2.400971944114838e-9i)+t4.*x1.*(-7.237007741035876e-1+9.214381131868872e-7i)+t2.*x4.*(4.2429965702365e-2+3.2302287337753e-6i)+t3.*x3.*(1.1188674530654e-1-5.235798968463321e-6i)+t4.*x2.*(2.559995815632346e-1-1.314991657652867e-6i)+t5.*x1.*(-5.800112185905417e-1+1.056305944209748e-6i)+t3.*x4.*(1.527691027504234e-1+5.550484241320406e-6i)+t4.*x3.*(8.531383934042927e-2+8.049132766984159e-9i)+t5.*x2.*(2.010274265450567e-1-1.58363726514671e-6i)+t6.*x1.*(-6.974528544366036e-3+1.41142089287492e-5i)+t4.*x4.*(8.65120575228473e-2-1.172838205535314e-8i)+t5.*x3.*(6.714352128326048e-2+2.695600793809994e-9i)+t6.*x2.*(-4.920755062986211e-3-4.968801793305293e-5i)+t7.*x1.*(-1.545349701620856e-3-4.417052921685383e-5i)+t5.*x4.*(3.010958807118828e-2+1.636584793825269e-8i)+t6.*x3.*(3.279051009514449e-3-1.247344094971289e-5i)+t7.*x2.*(1.324422525198032e-3+4.251299675242723e-5i)+t8.*x1.*(-2.753774259264807e-3-5.012178611219657e-6i)+t6.*x4.*(2.469897045028821e-3-1.278449442664098e-5i)+t7.*x3.*(4.472568779221493e-3+5.218665679568065e-5i)+t8.*x2.*(-2.589531054169809e-3-3.209614354121421e-5i)+t9.*x1.*(-7.630811490118537e-4-9.75019436015869e-5i)+t7.*x4.*(3.725589450977474e-3-8.309294008798966e-5i)+t8.*x3.*(3.894724956240405e-3+6.164413211436536e-6i)+t9.*x2.*(1.173947603593985e-3+1.38978618845151e-4i)+t8.*x4.*(3.442225103880836e-3-5.234715312994553e-5i)+t9.*x3.*(2.498360100915057e-3-3.065754762349619e-5i)+t9.*x4.*(1.505536394599083e-3-4.2063053941914e-5i)+x1.*x2.*(-1.755405237622655e-1+2.280091989770655e-12i)+x1.*x3.*(-1.773531688423948e-2-6.414358419155661e-12i)+x1.*x4.*(3.832339317048116e-2+1.399833186328399e-11i)+x2.*x3.*(2.15710775033374e-1+1.14021759440929e-11i)+x2.*x4.*(2.469378571662979e-1-2.625961602311526e-11i)+x3.*x4.*(2.027099773104731e-2+2.355374479649395e-12i)+t2.*t3.*t4.*(-6.269889572442913e-5+9.652595542161075e-7i)+t2.*t3.*t5.*(1.02466843281597e-5+8.836904202871566e-6i)+t2.*t4.*t5.*(7.060654940814063e-5-1.924121857835808e-7i)+t3.*t4.*t5.*(8.790521889974178e-5-1.286553451269854e-5i)+t2.*t3.*x1.*(-3.744577546208801e-3-1.342260671899492e-5i)+t2.*t3.*x2.*(-3.165243341721877e-3+8.517461457627391e-5i)+t2.*t4.*x1.*(-1.63708595392595e-3+8.255022584740312e-5i)+t2.*t3.*x3.*(3.670087765300557e-3+9.636733300150766e-7i)+t2.*t4.*x2.*(-8.754445697091291e-4-1.015844278983378e-4i)+t2.*t5.*x1.*(-8.21263255898293e-4+7.539406305497835e-6i)+t3.*t4.*x1.*(-7.739861718192527e-4+2.371696975092445e-5i)+t2.*t3.*x4.*(3.133928251071688e-3+2.694191682870399e-5i)+t2.*t4.*x3.*(2.588383358769447e-3-4.638985882779627e-5i)+t2.*t5.*x2.*(-2.060930641777538e-4-6.565182725526272e-5i)+t3.*t4.*x2.*(-5.201377082045433e-4-8.495666552537624e-5i)+t3.*t5.*x1.*(3.9247749446187e-5+4.972124163117746e-5i)+t2.*t4.*x4.*(2.355433214306965e-3-6.204825241804896e-6i)+t2.*t5.*x3.*(2.459775298948164e-3-1.21853447194884e-5i)+t3.*t4.*x3.*(2.358254572612279e-3+3.5096169797335e-6i)+t3.*t5.*x2.*(3.294253452293834e-4-1.476083137610682e-5i)+t4.*t5.*x1.*(-1.136501682485033e-3+7.918902086117005e-5i)+t2.*t5.*x4.*(2.877741364260579e-3-1.677189228709293e-5i)+t3.*t4.*x4.*(2.099486522609751e-3-2.013229353214771e-6i)+t3.*t5.*x3.*(2.237033320284861e-3-2.076541466729544e-5i)+t4.*t5.*x2.*(1.154475086280138e-3-1.207078962103388e-4i)+t3.*t5.*x4.*(2.370867740897942e-3-7.046063473820796e-5i)+t4.*t5.*x3.*(3.26922438517787e-3-9.037967057941384e-5i)+t4.*t5.*x4.*(2.976229394937012e-3+1.896612046132861e-4i)+t2.*x1.*x2.*(-6.521057154386774e-3+4.127688328169535e-5i)+t2.*x1.*x3.*(8.285882939007035e-3+1.212745343783174e-4i)+t3.*x1.*x2.*(-2.128169712479033e-2+3.138857811580088e-5i)+t2.*x1.*x4.*(7.505063486607813e-3-1.64982148116357e-4i)+t2.*x2.*x3.*(1.296278773431045e-2-3.476537010643464e-4i)+t3.*x1.*x3.*(1.699396821364351e-2+2.988736002039338e-4i)+t4.*x1.*x2.*(1.55794336297254e-3-3.64568137513696e-5i)+t2.*x2.*x4.*(1.311388534966737e-2+4.978923660589776e-4i)+t3.*x1.*x4.*(1.657906929275936e-2-4.704900000381599e-4i)+t3.*x2.*x3.*(2.11222899094416e-2-6.84840740789611e-5i)+t4.*x1.*x3.*(-3.309581536563054e-3+2.016624853219646e-5i)+t5.*x1.*x2.*(-1.786967437803024e-3+5.737273622323698e-5i)+t2.*x3.*x4.*(2.04801899253487e-4+4.262637784788704e-5i)+t3.*x2.*x4.*(1.972420322651805e-2+1.33602096349185e-4i)+t4.*x1.*x4.*(-3.508338369361229e-4-4.181551544269829e-5i)+t4.*x2.*x3.*(-1.950222641546336e-4-3.174849815072534e-5i)+t5.*x1.*x3.*(3.586168880210742e-3+2.138992780356122e-5i)+t6.*x1.*x2.*(-1.628560450553898e-4-3.210492111007293e-5i)+t3.*x3.*x4.*(5.547976224706294e-4-3.642255042042132e-5i)+t4.*x2.*x4.*(1.566112985724139e-3+7.827413956425362e-5i)+t5.*x1.*x4.*(9.917824099116762e-3+2.065371060282601e-6i)+t5.*x2.*x3.*(4.484820851800135e-3-5.917040091852125e-5i)+t6.*x1.*x3.*(8.563959593320258e-5+5.941403050270931e-6i)+t7.*x1.*x2.*(1.264819244623632e-4-5.968546852642943e-5i)+t4.*x3.*x4.*(1.270125334476388e-2-5.200707405794552e-5i)+t5.*x2.*x4.*(9.391950776531511e-3+1.074560626293205e-5i)+t6.*x1.*x4.*(5.080967699202977e-5-2.399282654263269e-5i)+t6.*x2.*x3.*(2.233318403998481e-4-2.204744228268015e-5i)+t7.*x1.*x3.*(-1.59028123551027e-4-1.087480857509714e-4i)+t8.*x1.*x2.*(-3.691798194835454e-4-5.481614326215156e-5i)+t5.*x3.*x4.*(1.729760777720997e-2-2.746829542732258e-5i)+t6.*x2.*x4.*(2.906360066848909e-5+4.846632888276798e-5i)+t7.*x1.*x4.*(-5.081110903771906e-5-1.011936349843501e-4i)+t7.*x2.*x3.*(-1.207803046888325e-4+8.683920028047856e-5i)+t8.*x1.*x3.*(2.877934876242813e-4+3.669144365823698e-5i)+t9.*x1.*x2.*(5.165146614011435e-5-3.484591759285029e-5i)+t6.*x3.*x4.*(-1.80736870971455e-5+3.257466365521028e-5i)+t7.*x2.*x4.*(-6.30090734831173e-5+3.262046799015283e-5i)+t8.*x1.*x4.*(2.245725870240255e-4-2.075857668359116e-5i)+t