function vf2 = vf_koopman(in1,u1)
%VF_KOOPMAN
%    VF2 = VF_KOOPMAN(IN1,U1)

%    This function was generated by the Symbolic Math Toolbox version 7.2.
%    22-Oct-2018 17:08:12

x1 = in1(1,:);
x2 = in1(2,:);
x3 = in1(3,:);
x4 = in1(4,:);
t2 = x1.^2;
t3 = x3.^2;
t4 = x2.^2;
t5 = x4.^2;
vf2 = [t2.*(9.198553799204698e-2+3.215393366769661e-16i)+t3.*(-2.608915776895875e-1+3.114268897497119e-16i)+t4.*(-8.717482420506918e-2+9.803000064354762e-16i)+t5.*(3.420873736832741e-2+5.165261862526347e-15i)+u1.*(-2.109014204068725e-1-2.648438146539718e-2i)+x1.*(-1.499092009064634e-2+6.192270783319295e-15i)+x2.*(1.092370391723408e-2+6.567594300972875e-14i)+x3.*(1.241049448729514-1.589502133565604e-14i)+x4.*(1.024858425495226e-1+2.853420218206296e-15i)+t2.*x1.*(-7.098698745607911e-1-1.944238874570951e-11i)+t2.*x2.*(-4.686296007944818e-1+6.041299500576216e-11i)+t3.*x1.*(-2.021286231365662e-1-1.029319884853255e-11i)+t2.*x3.*(1.031583977591994e-1-1.206529458619751e-12i)+t3.*x2.*(7.743674787540167e-2+1.044331448538533e-11i)+t4.*x1.*(-3.258858299990814e-1-6.306402962145747e-11i)+t2.*x4.*(-8.690300973786154e-2+1.598202282826269e-12i)+t3.*x3.*(2.403706513560803e-1-3.980847397025447e-13i)+t4.*x2.*(-2.416422640067671e-1+2.239270148544564e-11i)+t5.*x1.*(-4.150533044866023e-2-6.206553780643983e-12i)+t3.*x4.*(1.046869118264589e-1+1.504645173467064e-12i)+t4.*x3.*(1.133875005664151e-1+2.996413998354838e-12i)+t5.*x2.*(1.178682235182153e-1+5.498857269409301e-12i)+t4.*x4.*(1.354779314892289e-3-1.407040706281357e-12i)+t5.*x3.*(-1.925602401521026e-1-1.370913296671223e-12i)+t5.*x4.*(-3.454966257624607e-1+1.908119021151765e-13i)+x1.*x2.*(-3.200228679606831e-2-2.026537439949537e-15i)+x1.*x3.*(-6.727674408665789e-2-1.502756572611891e-15i)+x1.*x4.*(-3.325481047169391e-2-2.53851578092647e-15i)+x2.*x3.*(-4.63170148381313e-2+4.155384394230114e-15i)+x2.*x4.*(1.208539276897565e-1+1.640193018013255e-15i)+x3.*x4.*(3.21714039858977e-1-5.108734435324704e-15i)+x1.*x2.*x3.*(1.290753953622376e-1-1.421609398370543e-12i)+x1.*x2.*x4.*(-8.808552039803397e-3-4.643336565083956e-13i)+x1.*x3.*x4.*(-8.625035615881407e-2+1.661614104814404e-11i)+x2.*x3.*x4.*(1.595570003741998e-1-1.58665294061741e-11i)+-7.485445457350962e-5+1.249698617793602e-18i;t2.*(-1.324474141578078e-1-1.447868343987279e-16i)+t3.*(4.397868442091257e-1-8.348441979242683e-17i)+t4.*(1.441074856853561e-1+1.74206085080694e-15i)+t5.*(1.807813097694369e-1+8.479088912201446e-15i)+u1.*(-5.19030526746212e-1-4.138173667964124e-2i)+x1.*(-7.372085087391241e-3+4.6578550139619e-14i)+x2.*(3.546496033394646e-2+2.631857100689802e-13i)+x3.*(1.859556203874854e-1+2.383049778288595e-14i)+x4.*(1.143129566860435-3.177319857412299e-14i)+t2.*x1.*(3.719712269365119e-1-3.037858197708839e-11i)+t2.*x2.*(1.795850634115116e-1+9.4395105673372e-11i)+t3.*x1.*(-5.632296923582081e-2-1.60830559822421e-11i)+t2.*x3.*(-9.607622668941647e-2-1.885199776617618e-12i)+t3.*x2.*(-3.525104758945649e-1+1.631766088113142e-11i)+t4.*x1.*(6.954806387864064e-2-9.853724815839589e-11i)+t2.*x4.*(3.523677545481446e-1+2.497190432904571e-12i)+t3.*x3.*(-4.377209106955885e-1-6.219991129916377e-13i)+t4.*x2.*(-1.636738649790577e-2+3.498858578086634e-11i)+t5.*x1.*(-2.499612844774869e-1-9.697694069107886e-12i)+t3.*x4.*(-1.264297190237434e-1+2.351004249896919e-12i)+t4.*x3.*(-8.085289156137872e-2+4.681859736027116e-12i)+t5.*x2.*(-4.061522915915564e-1+8.591968109345196e-12i)+t4.*x4.*(2.219608797078415e-1-2.198502785773971e-12i)+t5.*x3.*(5.085744872743964e-1-2.142052875440635e-12i)+t5.*x4.*(7.595086419348419e-1+2.981275881642532e-13i)+x1.*x2.*(-1.565387402775402e-2-3.217649151953859e-15i)+x1.*x3.*(3.488873908026532e-2-2.69995292899881e-15i)+x1.*x4.*(1.902271770299991e-1-3.955603994551712e-15i)+x2.*x3.*(4.048995918245644e-2+6.247331602093586e-15i)+x2.*x4.*(-1.399473321156409e-1+2.459684206973173e-15i)+x3.*x4.*(-8.292900151741193e-1-8.053522988676381e-15i)+x1.*x2.*x3.*(-1.144923613130887e-1-2.221271382042273e-12i)+x1.*x2.*x4.*(2.400150312275048e-1-7.255236143871627e-13i)+x1.*x3.*x4.*(-2.402280608222615e-1+2.596265764903493e-11i)+x2.*x3.*x4.*(-5.187222772621937e-1-2.479136441342049e-11i)+4.132901100466485e-4+2.45481794685495e-18i;t2.*(-2.366086628271308-1.886159854944766e-14i)+t3.*(-1.601252392337184-5.537077859615923e-15i)+t4.*(5.64425638134226-1.032062977436668e-13i)+t5.*(2.653795225397135-5.470337318769162e-13i)+u1.*(3.175068157127617e1+2.75727963617059i)+x1.*(-2.652717252664829-1.01693013818821e-12i)+x2.*(-3.977549386433616e-1+1.169157977896906e-12i)+x3.*(-2.743769369990966e-1-1.116782447768694e-14i)+x4.*(-4.429353259927293e-1-6.704706234650359e-16i)+t2.*x1.*(7.459691428667169+2.024139411646228e-9i)+t2.*x2.*(7.754335514883159-6.2895758273275e-9i)+t3.*x1.*(3.400005842664455+1.071620910065045e-9i)+t2.*x3.*(-1.644640441734318+1.256112873440953e-10i)+t3.*x2.*(3.374705862184792-1.087250301271467e-9i)+t4.*x1.*(8.34240790235889+6.565575359429862e-9i)+t2.*x4.*(-1.068982868633598-1.66388041039286e-10i)+t3.*x3.*(1.225302954104101+4.144434653312983e-11i)+t4.*x2.*(9.604514917123609-2.331297801056431e-9i)+t5.*x1.*(3.926231922167212+6.461621060753714e-10i)+t3.*x4.*(-2.950942619792599e-1-1.566482505935947e-10i)+t4.*x3.*(-3.716754353283672-3.119549313607009e-10i)+t5.*x2.*(4.544753677335681-5.724846645149099e-10i)+t4.*x4.*(-3.118045220467202+1.464869236823409e-10i)+t5.*x3.*(-1.871173647420481+1.427253662128197e-10i)+t5.*x4.*(-2.580188460709129-1.986504520497969e-11i)+x1.*x2.*(-4.369268002719232e-2+2.121255989364e-13i)+x1.*x3.*(4.661856874439055e-1+1.643827649424383e-13i)+x1.*x4.*(1.692253009808776+2.655767481731014e-13i)+x2.*x3.*(-2.114319890915203-4.294096987232943e-13i)+x2.*x4.*(-6.318932202131596e-1-1.628069362914511e-13i)+x3.*x4.*(6.567206813351274e-1+5.36494352981905e-13i)+x1.*x2.*x3.*(-2.802773555138325+1.480036194957434e-10i)+x1.*x2.*x4.*(-2.257178067340159+4.834186638738774e-11i)+x1.*x3.*x4.*(3.357303318470079-1.729900035949588e-9i)+x2.*x3.*x4.*(3.604531626342472+1.651858292363313e-9i)+-2.669677415883593e-3-1.537092509938364e-16i;t2.*(-1.074607803855296-2.579949767435363e-14i)+t3.*(-1.181299623254335-7.635212118158613e-15i)+t4.*(3.127478365259312-1.43285582789586e-13i)+t5.*(4.453509979745271-7.575421921149078e-13i)+u1.*(3.687609489872993e1+3.817026111120464i)+x1.*(-3.778420592078103e-2-1.184690149799716e-12i)+x2.*(-3.064360883236784+3.716826109043114e-12i)+x3.*(1.125991875771567e-1-2.262755954829387e-13i)+x4.*(-7.741239685730394e-1+1.871441369927229e-14i)+t2.*x1.*(1.204061848242334e1+2.802107031257873e-9i)+t2.*x2.*(1.057921293133121e1-8.706942561551287e-9i)+t3.*x1.*(3.411273853555628+1.483492962386735e-9i)+t2.*x3.*(2.277923402814382+1.738893255342829e-10i)+t3.*x2.*(2.983344923842578-1.505129469635025e-9i)+t4.*x1.*(9.723994733768061+9.089020937583821e-9i)+t2.*x4.*(5.338256821618558-2.303384919456874e-10i)+t3.*x3.*(-6.708229589733598e-1+5.737328515007665e-11i)+t4.*x2.*(9.019275960329608-3.227320372950513e-9i)+t5.*x1.*(3.615922506560415+8.94511218238353e-10i)+t3.*x4.*(-1.376315634918385-2.168551996238072e-10i)+t4.*x3.*(6.048385517813385e-1-4.318532352127612e-10i)+t5.*x2.*(2.864282220422846-7.925162680776571e-10i)+t4.*x4.*(2.785636831076987+2.027884034474789e-10i)+t5.*x3.*(-1.750164153585374+1.975811499933611e-10i)+t5.*x4.*(-2.341347137493484-2.750006007088697e-11i)+x1.*x2.*(5.334307889166851e-1+2.936192218610521e-13i)+x1.*x3.*(-2.208050288200783+2.279368062346714e-13i)+x1.*x4.*(1.113758325580695+3.673318232933147e-13i)+x2.*x3.*(-7.289878472301149e-1-5.94327145589018e-13i)+x2.*x4.*(3.90275023695804-2.261425609861481e-13i)+x3.*x4.*(-2.300870672433859+7.427803524182108e-13i)+x1.*x2.*x3.*(1.3389265542647+2.048880369284821e-10i)+x1.*x2.*x4.*(3.880640520378575+6.692178647073443e-11i)+x1.*x3.*x4.*(3.060669626219845-2.394778374666515e-9i)+x2.*x3.*x4.*(2.520782716968645+2.286741649157466e-9i)+-1.112757431585611e-3-2.125172865190964e-16i];
