function vf2 = vf_koopman(in1,in2)
%VF_KOOPMAN
%    VF2 = VF_KOOPMAN(IN1,IN2)

%    This function was generated by the Symbolic Math Toolbox version 7.2.
%    19-Oct-2018 13:17:06

u1 = in2(1,:);
u2 = in2(2,:);
u3 = in2(3,:);
x1 = in1(1,:);
x2 = in1(2,:);
x3 = in1(3,:);
t2 = x1.^2;
t3 = x2.^2;
t4 = x3.^2;
t5 = t2.^2;
t6 = t3.^2;
t7 = t4.^2;
vf2 = [t2.*(-5.292497115109717-1.42463643025002e-3i)+t3.*(1.57284737290146+8.017786090711063e-3i)+t4.*(-4.069771924831916e-1-3.563606917074429e-2i)+t5.*(-8.030613976648592-2.399700109111972e-2i)+t6.*(-1.110499482034583-1.193609731056741e-2i)+t7.*(-1.243856613110838-2.865697711207635e-2i)+u1.*(2.92281100077253e2-3.918752183299425i)+u2.*(5.367964661642969e2+1.373239052069946e1i)+u3.*(3.762841536555135e2+2.397892937555761e1i)+x1.*(-1.513371366335742e1-3.42016764365854e-2i)+x2.*(-2.315172977991627e-1-4.791688731426358e-9i)+x3.*(1.43820527421905-2.685715697065699e-2i)+t2.*t3.*(1.089694176447159e-1+4.290079116888714e-3i)+t2.*t4.*(3.28117295076952-1.131892609922946e-3i)+t3.*t4.*(-1.08349622222384e-1+1.627766091758505e-2i)+t2.*x1.*(-9.224611583826608e1+2.875020800438824e-4i)+t2.*x2.*(2.605483245938889+4.189132244705265e-2i)+t3.*x1.*(-2.362254474959719e1+2.606309752041369e-1i)+t2.*x3.*(-3.976008741147943-5.338608415672037e-2i)+t3.*x2.*(-1.787171357009372-8.896312300233201e-3i)+t4.*x1.*(-4.8165723210131e1-9.569789609177025e-2i)+t3.*x3.*(-3.362147777017267e-1-1.313068947721485e-2i)+t4.*x2.*(-4.072256930509105e-1-5.41868070072505e-3i)+t4.*x3.*(8.414071134350426e-1-1.246547574993186e-2i)+x1.*x2.*(-4.393182254369778-2.494771309911223e-1i)+x1.*x3.*(-2.322007909027149e1-1.985617996709585e-1i)+x2.*x3.*(1.11737987893857-4.213871286017591e-3i)+t2.*x1.*x2.*(4.486510548502211-8.271334172464308e-2i)+t2.*x1.*x3.*(5.592457174645902e1-2.021034711625854e-2i)+t3.*x1.*x2.*(-2.761709311048984+1.860020490833551e-1i)+t2.*x2.*x3.*(-1.700371609739404+1.049038328141086e-2i)+t3.*x1.*x3.*(1.479264144378323e1+4.024221093419565e-1i)+t4.*x1.*x2.*(1.469103669765606+2.504949234732975e-1i)+t3.*x2.*x3.*(2.717143062882136e-1+5.526037829141384e-3i)+t4.*x1.*x3.*(3.440740414003823e1+4.711564665875715e-2i)+t4.*x2.*x3.*(2.547323563169945e-1-4.07762275586512e-3i)+x1.*x2.*x3.*(-2.817614575418904e-1-2.646233922716371e-1i)+1.073746540297611-6.797232250263762e-3i;t2.*(-2.805077098958873e-1+3.513631797142123e-4i)+t3.*(-5.243204255195752-3.197350684201403e-2i)+t4.*(-1.673480489201935+3.550450964903905e-2i)+t5.*(-1.59125196070264+3.802286797168503e-4i)+t6.*(-1.456662080221092e1-1.325558677576112e-1i)+t7.*(-2.149738046991392-2.325451631829662e-2i)+u1.*(9.764679879656446e2-3.182826753843825e1i)+u2.*(1.090883125637289e3-1.61288458699525e1i)+u3.*(1.138725472779583e3-8.131164935569966i)+x1.*(1.711399665986005e-1-4.037406472019095e-2i)+x2.*(-2.433081776319763e1+2.965049589179398e-8i)+x3.*(-1.584477166447951+1.118277160828828e-2i)+t2.*t3.*(3.321900763359022-6.169026404097818e-2i)+t2.*t4.*(-1.422764295838777-3.313413841756832e-2i)+t3.*t4.*(2.873226747008053+9.151495269347356e-3i)+t2.*x1.*(-1.418629574762097+9.918608305732742e-3i)+t2.*x2.*(-4.338944582881626e1+1.413362880754643e-2i)+t3.*x1.*(3.254920272622775-5.496247297517802e-1i)+t2.*x3.*(-2.210586534970233-3.458483235496625e-2i)+t3.*x2.*(-8.792001582637279e1+6.742744879718897e-2i)+t4.*x1.*(-9.22501139412618e-2-7.262742716756919e-3i)+t3.*x3.*(-2.606293920255065-1.878442604910426e-1i)+t4.*x2.*(-4.087606421047909e1+5.266708239719224e-2i)+t4.*x3.*(2.386287535637647e-1+8.359384954608227e-2i)+x1.*x2.*(-3.606809018597078+3.591482953309068e-1i)+x1.*x3.*(1.780596733163242-2.343921215812663e-1i)+x2.*x3.*(8.184402629515499e1+2.628603222818884e-2i)+t2.*x1.*x2.*(-2.89396280339498-5.534307856384268e-1i)+t2.*x1.*x3.*(1.245872835382104+1.755808140065477e-1i)+t3.*x1.*x2.*(-2.142097193764849+5.009355346964028e-1i)+t2.*x2.*x3.*(2.200287159013938e1-1.859857068833045e-2i)+t3.*x1.*x3.*(-2.011534195414967-6.321260617011055e-1i)+t4.*x1.*x2.*(2.128982494960098-2.603278826481959e-1i)+t3.*x2.*x3.*(4.155176382454748e1+2.035938517690538e-2i)+t4.*x1.*x3.*(1.224327347812909e-1+7.525146001186937e-2i)+t4.*x2.*x3.*(2.068811916835932e1+1.247464880853989e-1i)+x1.*x2.*x3.*(-6.886238843307341e-1+3.276930124022168e-1i)+-1.036239080296301e-1+3.24671916933816e-3i;t2.*(-3.634826213085958+1.778333353062046e-3i)+t3.*(-6.39254164753766+2.350096801930269e-2i)+t4.*(1.348663619799441e2+1.098319193165277e-2i)+t5.*(-5.796181825368619+3.247735786401429e-2i)+t6.*(-2.662893261967968+1.598906519116416e-1i)+t7.*(8.115013133199052e1+5.629378549392878e-2i)+u1.*(-1.422543953842042e3-4.279282932352738i)+u2.*(-1.061416371351301e3+3.335532706466712e1i)+u3.*(-1.005474145791956e3+6.041657672122349e1i)+x1.*(-2.610919060680198+8.387881006544284e-2i)+x2.*(8.910941560264945e-3-2.468798482432779e-8i)+x3.*(-2.491359606382976e2+2.277670010414939e-2i)+t2.*t3.*(-2.461335939798709+5.599540886089516e-2i)+t2.*t4.*(3.120335475023039e1+3.913896238284459e-2i)+t3.*t4.*(2.097880754974572e1-3.046102297607748e-2i)+t2.*x1.*(1.292712377296838e-1-1.079417164820105e-2i)+t2.*x2.*(4.343701250000307e-1-7.509370268889584e-2i)+t3.*x1.*(5.022473847636402e-1+3.963587096302157e-1i)+t2.*x3.*(-2.468282829209408e1+1.105912369913593e-1i)+t3.*x2.*(4.007731151692753e-1-5.825851119136689e-2i)+t4.*x1.*(-2.030228223638164+1.195581820247935e-1i)+t3.*x3.*(-1.912079506810506e1+2.156011303062995e-1i)+t4.*x2.*(1.469666240837368-4.166378817740267e-2i)+t4.*x3.*(-1.060171681483396e2-7.010835730448944e-2i)+x1.*x2.*(-4.018851884758666e-1-3.502215443710941e-2i)+x1.*x3.*(-1.560774591675347e1+4.869637442512242e-1i)+x2.*x3.*(-4.095463565192328-2.17910633402553e-2i)+t2.*x1.*x2.*(9.330243615047675e-1+7.130295052821441e-1i)+t2.*x1.*x3.*(-3.870681560379936-1.679516859748514e-1i)+t3.*x1.*x2.*(5.201032394572753e-1-6.823444344061705e-1i)+t2.*x2.*x3.*(1.030704172873932+1.149372561756032e-2i)+t3.*x1.*x3.*(-3.175499019624495e-1+4.413482232802903e-1i)+t4.*x1.*x2.*(-8.863113438082638e-1-1.169844955093315e-1i)+t3.*x2.*x3.*(-3.301738657145822-2.768572968625271e-2i)+t4.*x1.*x3.*(5.137446984060219-1.378392758435928e-1i)+t4.*x2.*x3.*(6.156499231663943e-1-1.141844936986184e-1i)+x1.*x2.*x3.*(1.073329737277543+3.954232969880837e-2i)+-1.163456343664386e2+5.102907185111214e-3i];
