function vf2 = vf_koopman(in1,in2,u1)
%VF_KOOPMAN
%    VF2 = VF_KOOPMAN(IN1,IN2,U1)

%    This function was generated by the Symbolic Math Toolbox version 7.2.
%    23-Oct-2018 17:31:45

x1 = in1(1,:);
x2 = in1(2,:);
x3 = in1(3,:);
x4 = in1(4,:);
vf2 = [u1.*(-6.397013754907186e-1)+x1.*2.765923246336982e-2-x2.*3.665383131249359e-2+x3.*1.251212628920554+x4.*9.847913893057328e-2+1.162997956059935e-5;u1.*(-6.824165321126969e-1)-x1.*3.032364882876262e-2+x2.*5.963181829529798e-2+x3.*1.935747490660863e-1+x4.*1.143965132043413+1.536351006304427e-4;u1.*4.753353838408122e1-x1.*3.232090097448281+x2.*3.712493684830531e-1-x3.*2.706086411678294e-1-x4.*4.627081817004348e-1+1.909185381905502e-3;u1.*3.922440781517294e1-x1.*1.075999464944018e-1-x2.*2.826408498736737+x3.*6.188836375696535e-2-x4.*7.134592497536276e-1+2.285649876057479e-3];
