function vf2 = vf_koopman(in1,u1)
%VF_KOOPMAN
%    VF2 = VF_KOOPMAN(IN1,U1)

%    This function was generated by the Symbolic Math Toolbox version 7.2.
%    22-Oct-2018 14:48:38

x1 = in1(1,:);
x2 = in1(2,:);
x3 = in1(3,:);
x4 = in1(4,:);
t2 = x1.^2;
t3 = x3.^2;
t4 = x2.^2;
t5 = x4.^2;
vf2 = [t2.*(9.209653291853651e-2-7.404194115406032e-15i)+t3.*(-1.795189154973379e-1-2.496495475496646e-15i)+t4.*(1.965212748221872e-1-9.13050034413205e-15i)+t5.*(-2.131417316203857e-1-2.557437428757697e-15i)+u1.*(-3.21042250259413e-1-1.149087568372285e-2i)+x1.*(-7.729152900892167e-2+7.72559100026271e-14i)+x2.*(1.052855158349945e-1-3.259464096197484e-15i)+x3.*(6.48375138027305e-1-2.7064274757925e-14i)+x4.*(3.74102949848128e-2+1.339595480983474e-14i)+t2.*x1.*(-7.157541387536473e-2+1.304150856754172e-17i)+t2.*x2.*(1.32142152729855e-1+1.566877008040425e-14i)+t3.*x1.*(8.306698902521983e-1+2.195866638697272e-14i)+t2.*x3.*(1.041669304729777-4.05146555530791e-15i)+t3.*x2.*(-2.697266870393872e-1-1.351241396130409e-14i)+t4.*x1.*(6.332538265770997e-1-3.499889770960951e-14i)+t2.*x4.*(6.213390048792391e-1+3.080785341067558e-15i)+t3.*x3.*(-1.747360862487827e-1+1.202767910109521e-14i)+t4.*x2.*(-8.681199576602929e-1+1.58977677180461e-14i)+t5.*x1.*(9.641969948595293e-1+1.44843453293935e-14i)+t3.*x4.*(6.500566424147066e-1-3.199935953187302e-14i)+t4.*x3.*(7.739047345634502e-1-5.091689075446859e-15i)+t5.*x2.*(-6.907619120008919e-1-4.8766782819708e-15i)+t4.*x4.*(-6.256110126861538e-1+9.995319377446992e-15i)+t5.*x3.*(-3.206006005154245e-1+2.215019350930505e-14i)+t5.*x4.*(-3.045857831328704e-2-4.208989307090361e-15i)+x1.*x2.*(-2.766937896803844e-1+1.713103722820998e-14i)+x1.*x3.*(3.344290582845069e-2+5.602973816341853e-15i)+x1.*x4.*(-7.706107536452152e-2-5.881654626858575e-15i)+x2.*x3.*(-7.232053527453076e-2-5.647808235517579e-15i)+x2.*x4.*(1.790346456076881e-1+6.706719836634693e-15i)+x3.*x4.*(3.979281705298099e-1+4.739601628761811e-15i)+x1.*x2.*x3.*(-1.5517908094307+8.808813930185264e-15i)+x1.*x2.*x4.*(-1.492791113547853e-1-1.367880469666965e-14i)+x1.*x3.*x4.*(-1.722782665031126-3.978748230068124e-14i)+x2.*x3.*x4.*(7.570303173904269e-1+2.37894417966378e-14i)+-9.051315183190358e-5+6.467935489489145e-17i;t2.*(1.191265428161348e-1+3.654883414089102e-15i)+t3.*(5.326098694947836e-1+1.455037227230083e-16i)+t4.*(2.771413345164022e-1+3.835775981297543e-15i)+t5.*(5.853969995732083e-1+6.798259376804725e-16i)+u1.*(1.585236663044187e-1+4.600441833219279e-3i)+x1.*(-8.213381360686409e-2+1.987819631121823e-14i)+x2.*(9.257698310620147e-2-4.473858620807764e-16i)+x3.*(8.088695732961511e-2+1.396750553758763e-15i)+x4.*(6.100307935756648e-1+4.340375545682906e-14i)+t2.*x1.*(-5.320310873293849e-1-4.722947139014634e-15i)+t2.*x2.*(1.097488050626386-6.762254219788056e-15i)+t3.*x1.*(2.500259207516636e-1-3.819922004338007e-15i)+t2.*x3.*(-1.791452655205038e-1+1.284959102444662e-15i)+t3.*x2.*(-5.754818137297748e-1+7.289365130630346e-16i)+t4.*x1.*(3.537378643097024e-2+1.027628034284167e-14i)+t2.*x4.*(1.018766320618184-6.06878652195794e-15i)+t3.*x3.*(-3.308411873187452e-2-1.603747459361138e-15i)+t4.*x2.*(-7.592566919265655e-1-1.297239198997309e-14i)+t5.*x1.*(-9.425484620569142e-1-8.506615275104438e-15i)+t3.*x4.*(-1.777924838872741e-1+5.285023064859173e-15i)+t4.*x3.*(1.637383387391041e-1-4.810190935056798e-15i)+t5.*x2.*(-1.489501428572719e-1+4.184568436224128e-15i)+t4.*x4.*(-2.398420926962458e-1-4.017284903061527e-16i)+t5.*x3.*(2.700272732452851e-1-5.220104127537109e-15i)+t5.*x4.*(1.571941633548958e-1+1.12538585716199e-15i)+x1.*x2.*(-3.724197742674436e-1-5.39395420877834e-15i)+x1.*x3.*(-3.478089019783542e-1-8.623835194350247e-16i)+x1.*x4.*(2.992326008262762e-1+1.468111634073817e-15i)+x2.*x3.*(5.320941100353594e-1+1.70363538612219e-15i)+x2.*x4.*(-4.38805790172643e-1-2.107024070569121e-15i)+x3.*x4.*(-1.11171710987048-8.230142054651526e-16i)+x1.*x2.*x3.*(-7.395458536976343e-1-5.37909455055866e-15i)+x1.*x2.*x4.*(2.013197283059999e-1+1.378305627827481e-14i)+x1.*x3.*x4.*(5.673526300461735e-1+1.352391280203297e-14i)+x2.*x3.*x4.*(6.894805882815891e-1-3.273698707955543e-15i)+-1.96448690968999e-3-2.934778696749012e-17i;t2.*(-3.27063053438203+4.345459220790243e-13i)+t3.*(5.312930758359704e-1+1.268427116869209e-13i)+t4.*(-5.094529915683053+5.982612234602764e-13i)+t5.*(6.509680572461365e-1+1.25354229719163e-13i)+u1.*(2.083984688096441e1+7.054989373542926e-1i)+x1.*(1.109202030844047-7.427392034742297e-14i)+x2.*(-3.220997738749607+1.62902677458554e-13i)+x3.*(-5.682788192663786e-1-2.25674427062339e-12i)+x4.*(2.937250491248715e-1-4.085423405825184e-13i)+t2.*x1.*(-1.638179806196227e1-2.56994450020354e-14i)+t2.*x2.*(4.367304152423092e1-6.7306633426225e-13i)+t3.*x1.*(-1.015996500130818e1-1.237921906139314e-12i)+t2.*x3.*(5.59247455948577+1.926594865346395e-13i)+t3.*x2.*(1.179830479922399e1+5.815574809279451e-13i)+t4.*x1.*(-3.964448399788191e1+1.857382550961243e-12i)+t2.*x4.*(9.5180124705519-3.309293474767697e-13i)+t3.*x3.*(6.119633095225231-6.092239778163597e-13i)+t4.*x2.*(1.487254632694112e1-1.264277046262072e-12i)+t5.*x1.*(-4.726351991904891-9.631262882246615e-13i)+t3.*x4.*(-7.719297793527761+1.503903898364456e-12i)+t4.*x3.*(7.532931291360219-1.930061273277981e-13i)+t5.*x2.*(9.735925713476975+2.75860003983397e-13i)+t4.*x4.*(4.317463452604072-4.200671088597338e-13i)+t5.*x3.*(-6.260031680600758e-1-1.124055273896319e-12i)+t5.*x4.*(1.593633319160393+2.254588178983724e-13i)+x1.*x2.*(8.100693578050372-1.020702698261601e-12i)+x1.*x3.*(5.238877494320424-2.20479763985196e-13i)+x1.*x4.*(-5.289702493657285+2.367369982801627e-13i)+x2.*x3.*(-6.208593360930562+2.443707250846589e-13i)+x2.*x4.*(6.219141493800558-2.605712828805615e-13i)+x3.*x4.*(-1.192059010389495-2.535134953011074e-13i)+x1.*x2.*x3.*(-8.699694238048142-3.510824426867385e-13i)+x1.*x2.*x4.*(-2.010062998656175e1+1.061140266205922e-12i)+x1.*x3.*x4.*(1.479870477149736e1+2.343833245323603e-12i)+x2.*x3.*x4.*(-2.196236980247933e1-1.049567882747415e-12i)+1.063856760819643e-2-1.835743074932554e-15i;t2.*(-1.724700435417056+5.410041238429197e-13i)+t3.*(2.078935103120126+1.595680565057118e-13i)+t4.*(-2.009212979271491+7.439709002062993e-13i)+t5.*(2.342531121761775+1.578979508478703e-13i)+u1.*(2.593683377283309e1+8.777725930033053e-1i)+x1.*(2.536459200099634e-1-1.624256285026604e-13i)+x2.*(-2.160827358566557+1.457445275576674e-13i)+x3.*(-6.763565194534453e-2+4.745648318760232e-13i)+x4.*(-3.257312971778652e-1+4.119063163471326e-12i)+t2.*x1.*(-4.722951787670523-3.283275349935334e-14i)+t2.*x2.*(5.909925716071413-8.397977776505001e-13i)+t3.*x1.*(-2.976389875554802-1.536110750492856e-12i)+t2.*x3.*(-2.710969149368168+2.335901117454206e-13i)+t3.*x2.*(-1.737731856565663+7.150926252641926e-13i)+t4.*x1.*(5.583612995509376+2.314537534249395e-12i)+t2.*x4.*(-7.345617863035745e-1-4.153174185724997e-13i)+t3.*x3.*(9.981557137513051e-1-7.561370229210667e-13i)+t4.*x2.*(-5.924499422699606-1.566701259586408e-12i)+t5.*x1.*(-3.194238002696288-1.19422859510744e-12i)+t3.*x4.*(1.410456551423631+1.877076298839367e-12i)+t4.*x3.*(-9.866047598614426-2.38215181729155e-13i)+t5.*x2.*(-1.992197338737487+3.418176745544369e-13i)+t4.*x4.*(-1.783667080005717-5.274334579844237e-13i)+t5.*x3.*(-4.072483218618408-1.404388169783638e-12i)+t5.*x4.*(1.032688640170428+2.844468973970733e-13i)+x1.*x2.*(3.672305518661157-1.271460076147663e-12i)+x1.*x3.*(-3.700640242252574e-1-2.730521118107034e-13i)+x1.*x4.*(1.528274062037867e-2+2.931606237441103e-13i)+x2.*x3.*(4.728307161286503e-1+3.048318422791903e-13i)+x2.*x4.*(-4.107520999046121e-2-3.229305514410962e-13i)+x3.*x4.*(-4.414458639069759-3.193762398852873e-13i)+x1.*x2.*x3.*(1.101715738547407e1-4.270684604111561e-13i)+x1.*x2.*x4.*(3.895326262739678+1.333864821906517e-12i)+x1.*x3.*x4.*(9.976124402825265+2.902718363534158e-12i)+x2.*x3.*x4.*(-1.172042009730883-1.299785302161501e-12i)+6.728642430295141e-3-2.282829231019497e-15i];
