function out1 = vf_koopman(in1,in2)
%VF_KOOPMAN
%    OUT1 = VF_KOOPMAN(IN1,IN2)

%    This function was generated by the Symbolic Math Toolbox version 8.4.
%    29-Apr-2020 20:09:05

u1 = in2(1,:);
u2 = in2(2,:);
u3 = in2(3,:);
x1 = in1(1,:);
x2 = in1(2,:);
t2 = u1.^2;
t3 = u1.^3;
t4 = u2.^2;
t5 = u2.^3;
t6 = u3.^2;
t7 = u3.^3;
t8 = x1.^2;
t9 = x1.^3;
t10 = x2.^2;
t11 = x2.^3;
out1 = [t2.*9.691337365453935e-2-t3.*3.905190299997565e-1+t4.*1.437649860676221e-1-t5.*2.752923558367733e-1+t6.*6.862123951039955e-1+t7.*1.447071846450999+t8.*2.885889609919878-t9.*9.75490417649479+t10.*1.06290442301579e-2-t11.*1.532726470478022e-1-u1.*1.610059833956285e-1-u2.*6.690475411377564e-2+u3.*3.900995464466224e-1-x1.*6.569962096063753e-1-x2.*1.267597512277722e-1+t2.*u2.*2.426639607824718e-1+t2.*u3.*1.174821253937469-t4.*u1.*2.284574559943245e-1+t4.*u3.*1.066498510765076-t6.*u1.*1.995967861518531-t6.*u2.*1.694033681354528-t8.*u1.*6.013764963990694-t8.*u2.*6.415110946940453+t8.*u3.*1.605688474193649e+1-t10.*u1.*2.285007619630581-t10.*u2.*1.196872561148532+t10.*u3.*2.658082831779638+u1.*u2.*4.790231507752356e-1-u1.*u3.*7.283359968455593e-1-u2.*u3.*6.536040230903358e-1-t2.*x1.*2.036639943572315-t2.*x2.*1.617521941787385-t4.*x1.*2.302017165992159+t4.*x2.*1.073269582350686-t6.*x1.*8.476752856459729+t6.*x2.*2.062664668654525e-1+t8.*x2.*2.28892758914603-t10.*x1.*5.796778503983519+u1.*x1.*1.486141620252581-u1.*x2.*2.123982096313951e-1+u2.*x1.*1.39771408532531-u2.*x2.*4.234685658696139e-2-u3.*x1.*2.965215134789056+u3.*x2.*3.868840373053509e-2-x1.*x2.*1.61012720930651e-1+u1.*u2.*u3.*6.438099371268614e-1-u1.*u2.*x1.*8.387374035107203e-1+u1.*u2.*x2.*9.456663781856476e-1+u1.*u3.*x1.*7.14604573730337+u1.*u3.*x2.*1.860513869224899+u2.*u3.*x1.*6.587501686158047-u2.*u3.*x2.*2.351123918688566-u1.*x1.*x2.*3.56169617999434+u2.*x1.*x2.*5.494599125140274-u3.*x1.*x2.*1.334555840907768+1.462091462302474e-1;t2.*(-7.328271202015213e-2)-t3.*9.605298052419701e-1-t4.*4.28080949845611e-1+t5.*8.138104186702664e-1-t6.*9.649827822255383e-2+t7.*1.497801836248843e-1-t8.*4.947400835518327e-1+t9.*2.158660708449179e-1-t10.*1.167157369685838-t11.*9.140169525572912-u1.*2.558347895175955e-1+u2.*1.74076230032127e-1-u3.*8.812072755660123e-2+x1.*8.631937983382962e-2-x2.*4.23952208620534e-1+t2.*u2.*1.872495516997084+t2.*u3.*1.340489952644783-t4.*u1.*1.797770187893158-t4.*u3.*8.430060687729964e-1-t6.*u1.*1.469456742041517+t6.*u2.*1.041954529864992-t8.*u1.*4.814717417249873+t8.*u2.*4.731564098535977+t8.*u3.*5.338992263416201e-1-t10.*u1.*1.179131941542968e+1+t10.*u2.*1.132377174651095e+1+t10.*u3.*2.548263801420762e-1+u1.*u2.*4.59931976320894e-1-u1.*u3.*2.83355941397646e-1+u2.*u3.*3.225107410708389e-1-t2.*x1.*1.905300671952853-t2.*x2.*5.590616133292142+t4.*x1.*2.420777260926076-t4.*x2.*5.159180046789641-t6.*x1.*6.21735203920148e-1-t6.*x2.*2.747274126693001-t8.*x2.*1.072405264725896e+1+t10.*x1.*3.033707799148445+u1.*x1.*5.042019411161681e-1-u1.*x2.*7.122804185789603e-1-u2.*x1.*8.866159727056931e-1+u2.*x2.*1.518327039530446+u3.*x1.*4.59500834982903e-1-u3.*x2.*6.462318742961192e-1+x1.*x2.*1.509256036295899-u1.*u2.*u3.*1.807598201171548e-1-u1.*u2.*x1.*7.733938972896093e-1+u1.*u2.*x2.*8.71667145509206+u1.*u3.*x1.*5.308264826056403+u1.*u3.*x2.*2.939059703011732-u2.*u3.*x1.*4.287559842245062+u2.*u3.*x2.*1.954692924492838-u1.*x1.*x2.*2.954082610509424-u2.*x1.*x2.*6.995053934867157+u3.*x1.*x2.*1.055962352904897e+1-1.325636652504539e-1];
