function vf2 = vf_koopman(in1,u1)
%VF_KOOPMAN
%    VF2 = VF_KOOPMAN(IN1,U1)

%    This function was generated by the Symbolic Math Toolbox version 7.2.
%    18-Oct-2018 17:44:39

x1 = in1(1,:);
x2 = in1(2,:);
x3 = in1(3,:);
t2 = u1.^2;
t3 = x2.^2;
t4 = x1.^2;
t5 = x3.^2;
vf2 = [t2.*5.079076157975592e-6-t3.*3.345820297110964e-2+t4.*1.893122226644813e-1-t5.*6.811903178046126e-3-u1.*5.609862868410354e-4-x1.*1.602048148777697e-1-x2.*3.9236876204402e-2-x3.*2.799994326739002e-2+t2.*u1.*8.292756225652771e-6-t3.*u1.*1.61837656144404e-2+t4.*u1.*7.840117176088772e-2-t5.*u1.*9.351584567868516e-3-t2.*x1.*3.546376675013942e-2-t2.*x2.*8.270848657537475e-3+t3.*x1.*7.11773123494437e-3-t2.*x3.*2.095138330105782e-3+t3.*x2.*2.848109241425008e-2-t4.*x1.*1.958746800976631e-1+t3.*x3.*1.053622607799173e-2-t4.*x2.*6.663210387321197e-2-t5.*x1.*1.548284320889367e-2-t4.*x3.*2.932840939331908e-2+t5.*x2.*1.465783454744389e-2+t5.*x3.*7.267556850731436e-3-u1.*x1.*5.735231541266515e-2-u1.*x2.*1.696440689693896e-2-u1.*x3.*1.31876407398618e-2+x1.*x2.*4.434460021710838e-2+x1.*x3.*4.608975617592727e-2-x2.*x3.*2.708428613571353e-3+u1.*x1.*x2.*3.834020038359999e-2+u1.*x1.*x3.*3.376711856862408e-2-u1.*x2.*x3.*5.405266114709204e-3-x1.*x2.*x3.*2.14349914835601e-2-4.655799985690912e-5;t2.*6.891934573219291e-4+t3.*1.460937341014781e-2-t4.*1.197363045476785e-1-t5.*1.188644477201739e-3+u1.*9.653517488506182e-5+x1.*1.015557680767012e-1-x2.*4.811773582041828e-2+x3.*6.797330860720763e-2+t2.*u1.*1.157960195012328e-3+t3.*u1.*5.547025483377084e-2-t4.*u1.*2.325971870645246e-2-t5.*u1.*4.761967752623457e-2+t2.*x1.*9.509814574586035e-2+t2.*x2.*2.170016663753124e-3-t3.*x1.*1.873269823022917e-2+t2.*x3.*3.018034827771095e-2-t3.*x2.*1.072891208275294e-1+t4.*x1.*1.761503742986635e-2-t3.*x3.*2.741119840485006e-2+t4.*x2.*1.177949298865221e-1-t5.*x1.*3.459807635058047e-2+t4.*x3.*2.796598617179491e-2+t5.*x2.*1.500806623161857e-2+t5.*x3.*6.277249533709658e-2+u1.*x1.*1.204624256010985e-1-u1.*x2.*4.226234842592624e-3+u1.*x3.*3.591212859397508e-2-x1.*x2.*7.070328021229465e-2-x1.*x3.*1.119522357025675e-1-x2.*x3.*1.049309367881495e-2-u1.*x1.*x2.*5.657452617638699e-2-u1.*x1.*x3.*6.438576753733383e-2-u1.*x2.*x3.*1.093368131434804e-2-x1.*x2.*x3.*2.961292146266483e-2+1.030886355878515e-5;t2.*(-6.087536361283846e-3)-t3.*7.836816853235029e-2+t4.*1.504646670317712e-1+t5.*1.749520602888212e-1-u1.*8.223034842041221e-4+x1.*1.246578223498293e-1-x2.*1.974855675163125e-1-x3.*6.269866557034053e-1-t2.*u1.*6.080283346883528e-3-t3.*u1.*3.688915667313923e-2-t4.*u1.*7.919933915892347e-2+t5.*u1.*2.571049172861627e-1-t2.*x1.*1.138963523578963e-1-t2.*x2.*6.958252124362357e-2+t3.*x1.*1.124979711950805e-1-t2.*x3.*2.320352948574433e-1+t3.*x2.*1.591329116338082e-1-t4.*x1.*2.5682304300514e-2-t3.*x3.*1.087386183033654e-1-t4.*x2.*3.766016826635522e-1+t5.*x1.*1.190303881459037e-1-t4.*x3.*8.342324846445517e-2-t5.*x2.*9.734496429486734e-2-t5.*x3.*2.27572277273269e-1-u1.*x1.*1.220066318295357e-1-u1.*x2.*7.723909469780967e-2-u1.*x3.*3.183137641750636e-1+x1.*x2.*6.579794208930338e-3+x1.*x3.*2.624841784385151e-1+x2.*x3.*2.062136553905674e-1+u1.*x1.*x2.*6.202941887609855e-2+u1.*x1.*x3.*1.460717196573025e-1+u1.*x2.*x3.*1.436713626696586e-1+x1.*x2.*x3.*4.564479487634472e-3-1.292728199548852e-5];
