function vf2 = vf_koopman(in1,u1)
%VF_KOOPMAN
%    VF2 = VF_KOOPMAN(IN1,U1)

%    This function was generated by the Symbolic Math Toolbox version 7.2.
%    17-Oct-2018 13:56:03

x1 = in1(1,:);
x2 = in1(2,:);
x3 = in1(3,:);
vf2 = [u1.*4.959408798314003e-4-x1.*2.699944358211006e-1+x2.*9.112065934884403e-2-x3.*8.952481263620204e-10-1.555148589845679e-1;u1.*(-1.619651012802215e-1)+x1.*9.411753731359766e-2-x2.*1.554297962394285e-1-x3.*7.939898922267446e-10+2.113093215811509e-4;u1.*(-3.952421103181283e-1)-x1.*3.650995822887419e-9-x2.*3.156986640767672e-8-x3.*4.975898672438941e-1+8.33242192125834e-2];
