function vf2 = vf_koopman(in1,u1)
%VF_KOOPMAN
%    VF2 = VF_KOOPMAN(IN1,U1)

%    This function was generated by the Symbolic Math Toolbox version 8.3.
%    29-Oct-2019 20:59:31

x1 = in1(1,:);
x2 = in1(2,:);
x3 = in1(3,:);
t2 = u1.^2;
t3 = u1.^3;
t4 = x1.^2;
t5 = x1.^3;
t6 = x2.^2;
t7 = x2.^3;
t8 = x3.^2;
t9 = x3.^3;
vf2 = [t2.*1.764306024399025-t3.*5.436008618019311+t4.*6.444124998736579e-1+t5.*9.586901611497446e-2-t6.*2.236551686880629-t7.*9.353945691350059e-2+t8.*8.83621109537486e-1-t9.*5.617426337996435e-2+u1.*1.607348945780885e-1-x1.*1.555083757543014e-1+x2.*9.055110508919413e-1-x3.*1.502911298768591-t4.*u1.*1.009641300136749+t6.*u1.*2.472009535072252+t8.*u1.*1.087733538669426e-1+t2.*x1.*2.812998382994418-t2.*x2.*1.003133159947346e+1+t2.*x3.*3.577217101647598e-1-t4.*x2.*9.420169473534682e-1+t4.*x3.*6.92954819633699e-2+t6.*x1.*4.539837822351327e-1+t6.*x3.*7.276404387415728e-1+t8.*x1.*2.385922700503132e-1+t8.*x2.*6.978550749492346e-2-u1.*x1.*8.005286442987993e-1-u1.*x2.*1.338849182602555e-1+u1.*x3.*2.622980126094281e-1-x1.*x2.*6.766488491155076+x1.*x3.*6.056417128723856e-1-x2.*x3.*5.915637346334112+u1.*x1.*x2.*1.361570386588234e+1-u1.*x1.*x3.*5.834876740607009e-1+u1.*x2.*x3.*4.330085161077132e-1+x1.*x2.*x3.*9.488558648730618e-1-2.12358715276228e-1;t2.*1.814996839924057e-1-t3.*2.533761468835951e-2+t4.*1.761863345134808e-1-t5.*1.49796385038701e-1+t6.*1.504068213640571+t7.*1.854549049368975+t8.*1.796796308062855+t9.*7.219689489272542e-2+u1.*4.131542010777588e-2-x1.*7.696826307067267e-1+x2.*4.662056060994371e-1+x3.*7.87904039251017e-2-t4.*u1.*2.111295621204071e-1+t6.*u1.*3.461809657370377-t8.*u1.*5.580167145791572e-1+t2.*x1.*1.963007635869819+t2.*x2.*5.972490215251337e-1+t2.*x3.*2.821936285606106e-1+t4.*x2.*1.619832405449473-t4.*x3.*9.264571564014998e-1+t6.*x1.*1.864420552190054e-1+t6.*x3.*6.989293102452331e-1-t8.*x1.*3.841317831936943+t8.*x2.*4.826084906826636e-1+u1.*x1.*1.616039579514039+u1.*x2.*1.328861021789939+u1.*x3.*1.82430097096132e-2+x1.*x2.*7.74539429507634+x1.*x3.*2.132195694189921e-1+x2.*x3.*3.009839383833258e-1-u1.*x1.*x2.*1.21986180348151e+1+u1.*x1.*x3.*3.612905130555766e-1-u1.*x2.*x3.*8.673808079089937e-1-x1.*x2.*x3.*8.53493162566458e-1-9.976059053687328e-2;t2.*(-1.063366366326314)-t3.*1.104218936555771+t4.*1.563278618938717e-1-t5.*3.718315265015396e-2+t6.*1.500441037642696e-1-t7.*2.020351206147322e-1+t8.*1.558849357314593-t9.*7.518534731152355e-1+u1.*4.957184853899952e-1+x1.*9.20250130153241e-4+x2.*5.383079105879426e-3-x3.*1.065672427960296-t4.*u1.*5.018047120107649e-1-t6.*u1.*1.566502921690894e-1-t8.*u1.*1.331951148827617+t2.*x1.*4.884083875616765e-1-t2.*x2.*6.406051201315166e-1+t2.*x3.*8.809128058767139e-1-t4.*x2.*3.995817907596502e-1+t4.*x3.*1.207744137434586e-1-t6.*x1.*1.118855362543473e-1+t6.*x3.*4.415350354099124e-1-t8.*x1.*4.624443096645611e-2-t8.*x2.*2.837425795454624e-1-u1.*x1.*2.601003754016371e-1+u1.*x2.*2.962142266494781e-1-u1.*x3.*3.482190415822251e-1-x1.*x2.*6.244440842649205e-1+x1.*x3.*3.403599102531846e-1-x2.*x3.*2.276849386666966e-1+u1.*x1.*x2.*4.081275793969378e-1+u1.*x1.*x3.*7.785951609236924e-2-u1.*x2.*x3.*8.514154869090818e-1+x1.*x2.*x3.*1.501313585006581e-1-4.179341676762181e-3];
