function vf2 = vf_koopman(in1,in2)
%VF_KOOPMAN
%    VF2 = VF_KOOPMAN(IN1,IN2)

%    This function was generated by the Symbolic Math Toolbox version 7.2.
%    18-Oct-2018 12:47:12

u1 = in2(1,:);
u2 = in2(2,:);
u3 = in2(3,:);
x1 = in1(1,:);
x2 = in1(2,:);
x3 = in1(3,:);
t2 = u1.^2;
t3 = u2.^2;
t4 = u3.^2;
t5 = x1.^2;
t6 = x2.^2;
t7 = x3.^2;
t8 = t2.^2;
t9 = t3.^2;
t10 = t4.^2;
t11 = t5.^2;
t12 = t6.^2;
t13 = t7.^2;
vf2 = [t2.*(-8.359964493789223e-4)-t3.*1.441942748613769e-1+t4.*4.372690968781254e-2-t5.*7.149305373664133e-2+t6.*1.748208527829034e-2-t7.*2.817818177356612e-2-t8.*1.035128308739788e-1+t9.*2.136318118441143e-1-t10.*7.224390515600053e-2-t11.*6.864380389781903e-2-t12.*2.895732050602355e-3-t13.*2.267246777523467e-2-u1.*5.305952224744722e-3+u2.*9.727141856020356e-2-u3.*3.722102093495366e-2-x1.*1.142087478336027e-1+x2.*2.159822298124793e-2-x3.*6.2721453005044e-2+t2.*t3.*1.011112288184067e-1+t2.*t4.*1.068911821093819e-1-t2.*t5.*1.177222771797188e-1-t3.*t4.*1.622049981794422e-2-t2.*t6.*3.572009687377608e-2+t3.*t5.*1.093911189002047e-1+t2.*t7.*6.59777112171764e-2+t3.*t6.*1.111242353147264e-1+t4.*t5.*4.60176276263878e-2+t3.*t7.*1.441237793314253e-2+t4.*t6.*5.426080778566454e-2+t4.*t7.*3.363392576250435e-2+t5.*t6.*4.274229075961524e-2+t5.*t7.*7.414316640445058e-2+t6.*t7.*3.528556538533605e-2-t2.*u1.*2.556824671352594e-2+t2.*u2.*8.673232677413335e-2+t3.*u1.*9.76661843579992e-3+t2.*u3.*9.859851660936197e-3-t3.*u2.*1.094033967870036e-1-t4.*u1.*6.915962226250207e-2-t3.*u3.*3.365742885237513e-3+t4.*u2.*2.960518120053011e-2+t5.*u1.*1.824808705697311e-1+t4.*u3.*2.874794965027947e-2-t5.*u2.*9.278355289287896e-2+t6.*u1.*3.363893628384188e-4+t5.*u3.*1.457164723837869e-1-t6.*u2.*1.693911855475646e-1-t7.*u1.*3.932296704723856e-3+t6.*u3.*2.223120447103876e-2+t7.*u2.*4.754550075378456e-2-t7.*u3.*5.819594520281832e-2+u1.*u2.*2.350650853006052e-2-u1.*u3.*8.532078392316514e-2+u2.*u3.*1.436466278517778e-1-t2.*x1.*3.039222906866657e-2-t2.*x2.*1.73596587323655e-3-t3.*x1.*1.80428231321914e-2+t2.*x3.*7.507819263143341e-2-t3.*x2.*1.395094184831605e-2+t4.*x1.*2.22901025674935e-2+t3.*x3.*6.149907958081541e-2-t4.*x2.*2.602274481193903e-2-t5.*x1.*2.467497760678414e-1+t4.*x3.*2.239040171522261e-2+t5.*x2.*6.025226328930242e-2-t6.*x1.*3.020155080745301e-1-t5.*x3.*1.630992411724531e-1-t6.*x2.*5.952540339478601e-2+t7.*x1.*5.22113699541733e-2+t6.*x3.*6.526800501872398e-2+t7.*x2.*9.843967681519951e-2+t7.*x3.*2.538634321780163e-2+u1.*x1.*5.633226621694185e-2+u1.*x2.*6.809554504006365e-2+u2.*x1.*2.032215525133033e-1+u1.*x3.*1.945722411250377e-1-u2.*x2.*9.091178392310754e-2-u3.*x1.*8.049436781785001e-2-u2.*x3.*2.65909521599903e-1-u3.*x2.*1.055129826256679e-2+u3.*x3.*1.42710558231934e-1+x1.*x2.*5.122031795945214e-2-x1.*x3.*1.951576660727992e-1+x2.*x3.*1.882397514695546e-2+t2.*u1.*u2.*3.317207748140112e-4+t2.*u1.*u3.*4.183864274632554e-2+t3.*u1.*u2.*1.596463752901696e-3+t2.*u2.*u3.*5.394590021834992e-3-t3.*u1.*u3.*1.561598112563563e-1+t4.*u1.*u2.*3.025247083413285e-3+t3.*u2.*u3.*9.3482256379975e-2+t4.*u1.*u3.*1.666416743671203e-2+t5.*u1.*u2.*6.286299872052883e-3-t4.*u2.*u3.*1.238121156872529e-1-t5.*u1.*u3.*2.785821886576586e-1+t6.*u1.*u2.*6.89614266814256e-2-t5.*u2.*u3.*1.53982319183206e-1+t6.*u1.*u3.*5.327202454115709e-2-t7.*u1.*u2.*4.318600713097151e-2-t6.*u2.*u3.*1.236670071955861e-1+t7.*u1.*u3.*7.884276008307256e-2+t7.*u2.*u3.*6.547779476734053e-2-u1.*u2.*u3.*3.60903425119288e-2-t2.*u1.*x1.*1.048705720986048e-1-t2.*u1.*x2.*8.01841348245567e-2-t2.*u2.*x1.*4.48859913128201e-2-t3.*u1.*x1.*6.095021245733503e-2-t2.*u1.*x3.*2.031731975578576e-2-t2.*u2.*x2.*2.072347004962755e-1+t2.*u3.*x1.*1.392614767696791e-1+t3.*u1.*x2.*1.665738042541133e-1+t3.*u2.*x1.*1.661478485393195e-1+t4.*u1.*x1.*1.179310880695809e-2+t2.*u2.*x3.*5.971739836556119e-3+t2.*u3.*x2.*3.756741420953291e-2+t3.*u1.*x3.*1.174082615376257e-1+t3.*u2.*x2.*9.044965723344652e-3-t3.*u3.*x1.*1.636326596550252e-1+t4.*u1.*x2.*8.748422619557104e-2-t4.*u2.*x1.*1.409421178083573e-2+t5.*u1.*x1.*2.952721706156149e-1-t2.*u3.*x3.*5.112415775077703e-2+t3.*u2.*x3.*8.45351135084399e-2+t3.*u3.*x2.*1.72966974494606e-1-t4.*u1.*x3.*1.045820060223618e-1+t4.*u2.*x2.*2.502959838949417e-2-t4.*u3.*x1.*6.60923965220466e-2+t5.*u1.*x2.*1.460695764287183e-1+t5.*u2.*x1.*3.783484073414949e-1+t6.*u1.*x1.*2.103977226124094e-1-t3.*u3.*x3.*9.335551377351925e-2-t4.*u2.*x3.*1.328997305904966e-1-t4.*u3.*x2.*9.650906784695731e-3-t5.*u1.*x3.*7.410680748646825e-2+t5.*u2.*x2.*9.698574617058585e-3-t5.*u3.*x1.*2.055921890180705e-1+t6.*u1.*x2.*5.854187918251548e-2+t6.*u2.*x1.*3.836680377513569e-1-t7.*u1.*x1.*5.289269179374079e-2-t4.*u3.*x3.*4.237037065498558e-2+t5.*u2.*x3.*2.180772827552745e-1-t5.*u3.*x2.*2.034737428626037e-1-t6.*u1.*x3.*7.893411598347828e-2+t6.*u2.*x2.*3.543993049250764e-2+t6.*u3.*x1.*1.287885059133864e-1-t7.*u1.*x2.*2.668609577674152e-2-t7.*u2.*x1.*6.306585969600982e-2+t5.*u3.*x3.*2.276623147131451e-2+t6.*u2.*x3.*1.169489499691694e-1+t6.*u3.*x2.*9.621795765054132e-2-t7.*u1.*x3.*1.16988912739291e-1-t7.*u2.*x2.*2.013332712798933e-2+t7.*u3.*x1.*8.420207021485691e-2-t6.*u3.*x3.*1.161537355405916e-1+t7.*u2.*x3.*5.941887026886366e-2-t7.*u3.*x2.*3.112039576123879e-2-t7.*u3.*x3.*5.208035624188644e-2+u1.*u2.*x1.*1.731647262678471e-1+u1.*u2.*x2.*8.303681181471132e-3+u1.*u3.*x1.*3.878043159758484e-2+u1.*u2.*x3.*7.446326631970315e-2-u1.*u3.*x2.*5.709110463811544e-2+u2.*u3.*x1.*7.303471204317956e-2+u1.*u3.*x3.*6.782506146151118e-2-u2.*u3.*x2.*2.379630058605039e-2-u2.*u3.*x3.*8.354612814135347e-2-t2.*x1.*x2.*4.407981057677821e-2+t2.*x1.*x3.*5.504999077051885e-2-t3.*x1.*x2.*1.895494352462412e-1+t2.*x2.*x3.*3.116582386176378e-2+t3.*x1.*x3.*4.800955016917561e-1-t4.*x1.*x2.*8.752396581445296e-2+t3.*x2.*x3.*8.779408325310994e-2-t4.*x1.*x3.*2.069356417429233e-1+t5.*x1.*x2.*2.258564572297257e-1-t4.*x2.*x3.*9.614725208759172e-3-t5.*x1.*x3.*2.867320696169976e-2+t6.*x1.*x2.*1.032343240477334e-1+t5.*x2.*x3.*5.020479037237225e-2+t6.*x1.*x3.*2.210289948593492e-2-t7.*x1.*x2.*3.172088903765187e-2+t6.*x2.*x3.*4.022207263793562e-2-t7.*x1.*x3.*1.098484249668708e-1-t7.*x2.*x3.*2.12994803655485e-2+u1.*x1.*x2.*3.537530025352604e-2+u1.*x1.*x3.*1.463691411870554e-1+u2.*x1.*x2.*1.320631098950495e-1-u1.*x2.*x3.*9.816163005951348e-3+u2.*x1.*x3.*2.789726046648249e-1-u3.*x1.*x2.*1.038710259635793e-1+u2.*x2.*x3.*4.382609555463295e-2+u3.*x1.*x3.*4.519418338729657e-2+u3.*x2.*x3.*8.630259974591779e-2+x1.*x2.*x3.*1.495211814498911e-1-u1.*u2.*u3.*x1.*2.287036439383466e-1+u1.*u2.*u3.*x2.*2.362605576807458e-1+u1.*u2.*u3.*x3.*1.233356351102768e-1+u1.*u2.*x1.*x2.*3.588262646619979e-2+u1.*u2.*x1.*x3.*6.923709061579213e-2-u1.*u3.*x1.*x2.*6.998194329081471e-3-u1.*u2.*x2.*x3.*5.0487442822541e-2+u1.*u3.*x1.*x3.*9.88821003791335e-2+u2.*u3.*x1.*x2.*2.018000624199925e-1-u1.*u3.*x2.*x3.*6.010047175899635e-3-u2.*u3.*x1.*x3.*6.078340729688164e-2+u2.*u3.*x2.*x3.*8.358469085399277e-2-u1.*x1.*x2.*x3.*3.335096245109052e-2+u2.*x1.*x2.*x3.*5.143725729955766e-2+u3.*x1.*x2.*x3.*8.759795159488498e-2-1.290065189039369e-2;