function vf2 = vf_sysid(in1)
%VF_SYSID
%    VF2 = VF_SYSID(IN1)

%    This function was generated by the Symbolic Math Toolbox version 7.2.
%    31-Jul-2018 17:03:46

x1 = in1(1,:);
x2 = in1(2,:);
t2 = x1.^2;
t3 = x2.^2;
vf2 = [t2.*(-1.471890631510432e-3)+t3.*5.689496869364479e-2+x1.*1.594738193975933e-3+x2.*1.054860093970854-t2.*x1.*3.162844465839545e-2+t2.*x2.*9.025370611285338e-2+t3.*x1.*1.42328339179945e-1-t3.*x2.*4.034480670863739e-1-x1.*x2.*7.362007504785009e-5-1.243209180199638e-4;t2.*(-6.203019205693033e-3)+t3.*3.853400376975565e-2-x1.*9.729905379482513e-1+x2.*8.868009278912243e-1-t2.*x1.*1.2199886629305e-2-t2.*x2.*6.585116771005012e-1-t3.*x1.*1.438317177057649e-2-t3.*x2.*4.635734358811802e-1-x1.*x2.*3.425963119951212e-2+5.462121596793401e-3];
