function vf2 = vf_sysid(in1)
%VF_SYSID
%    VF2 = VF_SYSID(IN1)

%    This function was generated by the Symbolic Math Toolbox version 7.2.
%    12-Jul-2018 19:09:42

x1 = in1(1,:);
x2 = in1(2,:);
t2 = x1.^2;
t3 = x2.^2;
vf2 = [t2.*3.373784608585275e-4+t3.*5.323220195388234e-4-x1.*4.581979324188789e-1+x2.*1.118646573780631+t2.*x1.*4.119804098248022e-4+t2.*x2.*1.132810507868786e-3+t3.*x1.*1.586057946828058e-4+t3.*x2.*1.998842677089346e-4-x1.*x2.*2.930429204688575e-3-8.356016598463481e-3;t2.*8.944493697314783e-2+t3.*6.76303723126401e-2-x1.*2.286835821666364+x2.*4.240655709574814e-1+t2.*x1.*7.929478224211965e-4-t2.*x2.*9.954879748641682e-1+t3.*x1.*1.026681857080343e-2-t3.*x2.*5.341971365177963e-3-x1.*x2.*9.935896099499497e-2-5.210894943027968e-2];
