function vf2 = vf_sysid(in1)
%VF_SYSID
%    VF2 = VF_SYSID(IN1)

%    This function was generated by the Symbolic Math Toolbox version 7.2.
%    01-Aug-2018 10:25:56

x1 = in1(1,:);
x2 = in1(2,:);
t2 = x1.^2;
t3 = x2.^2;
vf2 = [t2.*9.273921335391665e-3+t3.*2.921950261540946e-2-x1.*1.560005777840457e-2+x2.*9.559596232584778e-1+t2.*x1.*1.216199615789465e-2+t2.*x2.*1.533103516481689e-1+t3.*x1.*5.770886151535468e-2-t3.*x2.*2.84671634701972e-1-x1.*x2.*9.398411136537544e-3-1.223769264809162e-2;t2.*7.127051847270033e-3-t3.*1.264939598689077e-2-x1.*1.009746844016023+x2.*1.042759995034934+t2.*x1.*5.676967670884906e-2-t2.*x2.*1.486935577056361-t3.*x1.*3.426818924781682e-1+t3.*x2.*1.071035518133707+x1.*x2.*1.156141418927058e-2+7.251511506792034e-4];
