function vf2 = vf_koopman(in1,in2)
%VF_KOOPMAN
%    VF2 = VF_KOOPMAN(IN1,IN2)

%    This function was generated by the Symbolic Math Toolbox version 7.2.
%    23-Aug-2018 10:38:33

u1 = in2(1,:);
u2 = in2(2,:);
u3 = in2(3,:);
x1 = in1(1,:);
x2 = in1(2,:);
x3 = in1(3,:);
x4 = in1(4,:);
x5 = in1(5,:);
x6 = in1(6,:);
t2 = u1.^2;
t3 = u3.^2;
t4 = u2.^2;
t5 = x1.^2;
t6 = x2.^2;
t7 = x3.^2;
t8 = x4.^2;
t9 = x5.^2;
t10 = x6.^2;
vf2 = [t2.*(-2.752526160084808e-6)+t3.*1.102489582436475e-4-t4.*4.575676221791954e-5-t5.*1.295233440479894e-2+t6.*8.326277752194619e-2+t7.*1.329550724240569e-1-t8.*3.426074925310827e-1+t9.*3.327006490564718e-1-t10.*7.469609053496618e-1+u1.*2.859325394770817e-5+u2.*1.259328223716915e-4-u3.*2.345209031318169e-4+x1.*8.603066991294381e-3+x2.*4.115211770956719e-3+x3.*4.956174187365586e-3+x4.*1.02933642282306+x5.*3.21484997927688e-2+x6.*7.820479745569519e-4+t2.*u1.*4.574320917468701e-6-t2.*u2.*7.468525603474955e-6+t3.*u1.*1.266509580154666e-6-t2.*u3.*3.155407431132151e-6-t3.*u2.*2.792153631628291e-6+t4.*u1.*3.553382914002985e-6-t3.*u3.*7.564741743393383e-6-t4.*u2.*4.752743915037096e-6+t5.*u1.*1.103182708866471e-2+t4.*u3.*1.140676504445183e-5-t5.*u2.*5.443022916674305e-3+t6.*u1.*4.453472689554675e-3+t5.*u3.*3.848194550743589e-3-t6.*u2.*1.246454864802383e-2+t7.*u1.*2.216488611804643e-2-t6.*u3.*9.607848878740617e-3+t7.*u2.*1.261206640694143e-3+t8.*u1.*1.449792912668691e-1-t7.*u3.*1.8150466728003e-2+t8.*u2.*3.960463860729988e-2+t9.*u1.*4.720899576845797e-3-t8.*u3.*3.304027440437165e-2-t9.*u2.*5.84356112042709e-2-t10.*u1.*1.794863186269905e-1-t9.*u3.*9.136349156123423e-2+t10.*u2.*2.293591089824405e-1+t10.*u3.*7.323846569784408e-2+u1.*u2.*5.34735101608014e-5+u1.*u3.*1.365803186571886e-6-u2.*u3.*7.8167264871504e-5+t2.*x1.*7.055256745434656e-4+t2.*x2.*4.050208937764445e-4-t3.*x1.*7.444561981862481e-5+t2.*x3.*2.194506093046627e-4+t3.*x2.*3.653763796797265e-4+t4.*x1.*4.6837167013803e-4+t2.*x4.*1.336410621206156e-3-t3.*x3.*2.826218987461774e-4-t4.*x2.*3.960306859656598e-4-t5.*x1.*3.127771424569338e-1+t2.*x5.*9.90730769580707e-5-t3.*x4.*9.068618289948407e-4-t4.*x3.*4.238204210591896e-4-t5.*x2.*2.824934730966017e-1-t6.*x1.*3.525731460447953e-1+t2.*x6.*4.21349337756151e-4+t3.*x5.*1.480731683534781e-3-t4.*x4.*4.785452107665753e-4+t5.*x3.*7.758330612036263e-1+t6.*x2.*1.214051810912874e-2-t7.*x1.*1.625612084739756e-1+t3.*x6.*2.255142753411588e-4-t4.*x5.*1.216204459106557e-3-t5.*x4.*5.695567138552131-t6.*x3.*1.651203390444304e-1+t7.*x2.*1.500722176499772-t8.*x1.*9.430769027390935-t4.*x6.*1.519924793644288e-3-t5.*x5.*7.514468984946726e-1-t6.*x4.*1.814756566379093+t7.*x3.*4.098073699636596e-1+t8.*x2.*8.06932741550679e-1+t9.*x1.*2.144270931296025e-1-t5.*x6.*2.170439990152532+t6.*x5.*1.528132777684332-t7.*x4.*5.994908776553133e-1+t8.*x3.*1.148760545022122e1+t9.*x2.*8.218991380384372e-1-t10.*x1.*9.24911714785738+t6.*x6.*1.857879811383426+t7.*x5.*5.581282170249403+t8.*x4.*7.750039743147869-t9.*x3.*1.233641159694264e1-t10.*x2.*5.084893020272209-t7.*x6.*9.307391186840199+t8.*x5.*2.189362447518371+t9.*x4.*8.20394074686997-t10.*x3.*5.089056615125872-t8.*x6.*4.328289230929294+t9.*x5.*1.002869633907096+t10.*x4.*1.564256715958718e1+t9.*x6.*2.021199920954402+t10.*x5.*3.142066532590455+t10.*x6.*1.073348891556445e1-u1.*x1.*5.831023440197828e-3-u1.*x2.*2.753586314494217e-3-u2.*x1.*6.956343624561409e-4-u1.*x3.*1.889189371866509e-3+u2.*x2.*5.246530492358781e-3+u3.*x1.*3.576184800021714e-3-u1.*x4.*1.188183076940523e-2+u2.*x3.*3.297027732578571e-3-u3.*x2.*3.547879002923762e-3-u1.*x5.*7.254836756870719e-3+u2.*x4.*3.497302076834863e-3+u3.*x3.*1.312839099801756e-3-u1.*x6.*2.677807846551866e-2+u2.*x5.*7.313057293902844e-3+u3.*x4.*8.764677542309489e-3+u2.*x6.*1.211040069538944e-2-u3.*x5.*1.319642223303131e-2+u3.*x6.*1.142023665143503e-2-x1.*x2.*1.931938666249172e-1-x1.*x3.*3.473485552071922e-1-x1.*x4.*3.270940003761284e-1+x2.*x3.*1.548496764781827e-1-x1.*x5.*6.297059946661934e-1-x2.*x4.*6.732309795682582e-1-x1.*x6.*1.73552769346037+x2.*x5.*5.64439856474952e-2-x3.*x4.*4.786732450479086e-1+x2.*x6.*3.138359458053735e-1-x3.*x5.*8.417584175640443e-2-x3.*x6.*4.496680359290301e-1-x4.*x5.*2.164346184600711e-1-x4.*x6.*3.243176578042846-x5.*x6.*5.024761228425972e-2+u1.*u2.*u3.*5.296160650411808e-7-u1.*u2.*x1.*2.899505133072228e-4-u1.*u2.*x2.*3.169140352892122e-4-u1.*u3.*x1.*1.031817356429477e-4+u1.*u2.*x3.*1.307135733439284e-4+u1.*u3.*x2.*8.216497780033624e-6-u2.*u3.*x1.*4.671968334768341e-4-u1.*u2.*x4.*4.590098312611743e-4-u1.*u3.*x3.*2.610275648266305e-4+u2.*u3.*x2.*5.114432374540723e-5+u1.*u2.*x5.*1.031061310632104e-3-u1.*u3.*x4.*5.82699060416078e-4+u2.*u3.*x3.*1.847814397877207e-4+u1.*u2.*x6.*1.481894858123055e-3-u1.*u3.*x5.*1.281438440870311e-4+u2.*u3.*x4.*2.07993395717072e-4-u1.*u3.*x6.*4.37307335491677e-4+u2.*u3.*x5.*3.262046996065454e-4-u2.*u3.*x6.*4.739432554504449e-4+u1.*x1.*x2.*1.192540608979062e-2+u1.*x1.*x3.*6.923197431666768e-3+u2.*x1.*x2.*1.616770444906503e-2+u1.*x1.*x4.*3.052121730036456e-2-u1.*x2.*x3.*3.18719475700573e-3+u2.*x1.*x3.*8.730307785817249e-3+u3.*x1.*x2.*1.298175214085618e-2+u1.*x1.*x5.*1.349840263942252e-3+u1.*x2.*x4.*4.004276882908789e-2+u2.*x1.*x4.*4.797651698852597e-2-u2.*x2.*x3.*4.675207902775431e-3-u3.*x1.*x3.*5.435880894558068e-4-u1.*x1.*x6.*4.325357921560968e-2-u1.*x2.*x5.*2.104910288854527e-2-u1.*x3.*x4.*2.428470001113892e-2+u2.*x1.*x5.*7.159467517672111e-2-u2.*x2.*x4.*4.982233553093086e-4+u3.*x1.*x4.*8.344259362908748e-3+u3.*x2.*x3.*7.294799638885677e-3+u1.*x2.*x6.*3.637271734931306e-3-u1.*x3.*x5.*4.188105353458015e-2+u2.*x1.*x6.*9.821403202718429e-2-u2.*x2.*x5.*4.234351684997003e-3-u2.*x3.*x4.*8.60417556375264e-2+u3.*x1.*x5.*2.285958095082794e-2+u3.*x2.*x4.*7.320104201527645e-2-u1.*x3.*x6.*2.409168479635508e-1-u1.*x4.*x5.*2.90453263995992e-2+u2.*x2.*x6.*5.133046999456554e-3+u2.*x3.*x5.*5.277181261747581e-2+u3.*x1.*x6.*3.791420256809473e-2-u3.*x2.*x5.*2.645565832748373e-2-u3.*x3.*x4.*3.13260245658389e-2-u1.*x4.*x6.*1.180747519537326e-1+u2.*x3.*x6.*9.638895720904272e-2+u2.*x4.*x5.*4.314068796532482e-2-u3.*x2.*x6.*8.907646859362886e-2+u3.*x3.*x5.*1.025833120742181e-1-u1.*x5.*x6.*3.698640502181352e-2+u2.*x4.*x6.*1.499037218001275e-1+u3.*x3.*x6.*5.79478391017819e-2-u3.*x4.*x5.*4.056539763349902e-2+u2.*x5.*x6.*7.908529980628905e-2-u3.*x4.*x6.*2.026841810300407e-2-u3.*x5.*x6.*8.71254505450435e-2+x1.*x2.*x3.*2.483321811113276e-1+x1.*x2.*x4.*3.768390655050965e-1-x1.*x2.*x5.*3.662872860958827+x1.*x3.*x4.*2.129750413369141-x1.*x2.*x6.*6.08082632915917e-1-x1.*x3.*x5.*3.303465685554406-x2.*x3.*x4.*3.2388007187965-x1.*x3.*x6.*1.456928325509697e1-x1.*x4.*x5.*1.939317909210111-x2.*x3.*x5.*4.505653464311355-x1.*x4.*x6.*7.16746583855942-x2.*x3.*x6.*5.310339137074277-x2.*x4.*x5.*1.080785591832044e1-x1.*x5.*x6.*4.545782962877895+x2.*x4.*x6.*9.679575149175567e-1-x3.*x4.*x5.*1.164569505165935e1+x2.*x5.*x6.*7.373338235577208-x3.*x4.*x6.*2.675370456398765e1-x3.*x5.*x6.*4.845340936330433e-1-x4.*x5.*x6.*3.269007097350758+1.08485951480456e-4;