function vf2 = vf_koopman(in1,in2)
%VF_KOOPMAN
%    VF2 = VF_KOOPMAN(IN1,IN2)

%    This function was generated by the Symbolic Math Toolbox version 7.2.
%    22-Aug-2018 15:55:05

u1 = in2(1,:);
u2 = in2(2,:);
u3 = in2(3,:);
x1 = in1(1,:);
x2 = in1(2,:);
x3 = in1(3,:);
x4 = in1(4,:);
x5 = in1(5,:);
x6 = in1(6,:);
vf2 = [u1.*3.65646781085554e-4-u2.*4.268021064459336e-4+u3.*3.410825109375468e-5+x1.*1.206339971394685e-2-x2.*2.352762511415319e-4+x3.*4.325170007656932e-4+x4.*1.073349107069208-x5.*1.157641046209767e-3-x6.*1.48970156864567e-4+1.552993115863228e-4;u1.*2.076722973626e-4+u2.*2.332080917240249e-4-u3.*4.679125807410575e-4-x1.*4.281288687105768e-4+x2.*1.189954395656538e-2-x3.*7.028289631995313e-4-x4.*1.777279993629448e-3+x5.*1.073581331362955+x6.*1.972740832401055e-4+9.646830557486676e-5;u1.*5.566847218715238e-5+u2.*2.505911256988475e-5+u3.*9.20064498452051e-6+x1.*3.232499774965878e-4+x2.*4.04782947967956e-4+x3.*2.011338935209174e-3+x4.*1.364346334066458e-4-x5.*1.859613860764459e-4+x6.*1.077996811979502-3.608233873931338e-4;u1.*(-5.823778892504523e-3)+u2.*6.699857898438828e-3-u3.*2.915083770950284e-4-x1.*3.704334835446549e-1-x2.*3.807808253961347e-4-x3.*1.241712828961249e-2-x4.*4.143320926426645e-1+x5.*2.696910386656325e-4-x6.*4.762597118245778e-2-2.927129321284121e-3;u1.*(-3.566880058401597e-3)-u2.*3.489576367484582e-3+u3.*7.328106886709437e-3-x1.*2.511826948320933e-3-x2.*3.764467259010028e-1+x3.*1.35944249076186e-3-x4.*1.349383411804916e-2-x5.*4.17895007016335e-1+x6.*3.597099316004402e-2-3.425717296897309e-4;u1.*(-6.610897592967356e-4)-u2.*3.975564747136437e-4-u3.*1.227592277779357e-4+x1.*1.617385920385183e-3-x2.*2.676029824854489e-3-x3.*3.370801370005893e-1-x4.*4.459561113276761e-4-x5.*1.872438420039491e-2-x6.*5.146026945615025e-2-8.649510644424423e-3];
