function vf2 = vf_koopman(in1,in2)
%VF_KOOPMAN
%    VF2 = VF_KOOPMAN(IN1,IN2)

%    This function was generated by the Symbolic Math Toolbox version 8.3.
%    06-Sep-2019 13:23:27

u1 = in2(1,:);
u2 = in2(2,:);
u3 = in2(3,:);
ud1 = in1(5,:);
ud2 = in1(6,:);
ud3 = in1(7,:);
x1 = in1(1,:);
x2 = in1(2,:);
xd1 = in1(3,:);
xd2 = in1(4,:);
t2 = ud1.^2;
t3 = ud2.^2;
t4 = ud3.^2;
t5 = x1.^2;
t6 = x2.^2;
t7 = xd1.^2;
t8 = xd2.^2;
vf2 = [t2.*(1.233026004817414e-1+2.452337401599431e-3i)+t3.*(-1.52527528230892e-1-6.904129644926373e-1i)+t4.*(7.784044920852894e-1-2.095440995704183e-2i)+t5.*(8.019770182423654-4.67469500647077i)+t6.*(-2.66573672496441e+1-1.66539102098746e+1i)+t7.*(7.105792711770812+1.292606502521044i)+t8.*(-2.536801528497617e+1-9.777577587335291i)+u1.*(-3.716206593717988e+1+2.707589353373966i)+u2.*(8.021400545296293e-1-1.981733012176117i)+u3.*(1.420119404762749e-1+6.192145524976886i)+ud1.*(3.704622679463409e+1-2.700320771259308i)+ud2.*(-6.040247088171697e-1+2.009447704185814i)+ud3.*(-4.899817619574731e-2-6.196639084968832i)+x1.*(-1.374295860188924e-1-5.828792275016407e-1i)+x2.*(-6.77596137459328e-1+6.262961159869886e-1i)+xd1.*(-2.298748332144116e-3+5.846052611345697e-1i)+xd2.*(5.605104698147413e-1-6.27162785514882e-1i)+ud1.*ud2.*(-7.303174711555218e-1+2.232540176565447e-1i)+ud1.*ud3.*(1.190061313615695e-1-2.495594881111072e-1i)+ud2.*ud3.*(-1.581443075349461e-1+6.773867786298211e-1i)+ud1.*x1.*(5.046945828125164+3.022469436312504i)+ud1.*x2.*(2.062107594594086-9.751850443940394e-1i)+ud2.*x1.*(-7.213464720206423-8.991910451627938i)+ud2.*x2.*(2.241016559705047+1.033912436084663e+1i)+ud3.*x1.*(-3.6565005323808+3.284678167787717i)+ud3.*x2.*(5.435357857562191e-1-7.61749468751786i)+ud1.*xd1.*(-5.063234850005244-2.741831901737445i)+ud1.*xd2.*(-1.684428098333968+8.52262833983036e-1i)+ud2.*xd1.*(6.981335389910503+8.011840037224603i)+ud2.*xd2.*(-3.113012432117025-9.502116214507817i)+ud3.*xd1.*(2.48898263293333-3.023558102996377i)+ud3.*xd2.*(6.010350125105199e-1+7.166456566721497i)+x1.*x2.*(3.811427110076857e+1+3.233329821341539e+1i)+x1.*xd1.*(-1.478938601695426e+1+3.125895529799548i)+x1.*xd2.*(-3.377054711957476e+1-2.557127752991184e+1i)+x2.*xd1.*(-3.21222201863723e+1-2.225315025940286e+1i)+x2.*xd2.*(5.255177249835376e+1+2.620446394221217e+1i)+xd1.*xd2.*(2.691090073131895e+1+1.610635251194265e+1i)+2.263784798218564e-2-2.886289468302504e-3i;t2.*(-4.012365846614964e-3+5.471640844807159e-2i)+t3.*(1.625972397528818+4.880947018931116e-1i)+t4.*(8.87540967461225e-2-1.256820924973557e-1i)+t5.*(-5.538407480771771e-1+3.860255214996018e-1i)+t6.*(4.486352790436405-1.059649886655444e+1i)+t7.*(2.137687812460535+3.118606786169102i)+t8.*(-9.46290468746168-9.65765387930136i)+u1.*(-8.446603930616213-3.420377889122897i)+u2.*(3.568717425810941+6.209379538738112i)+u3.*(-1.973309228959879e+1+2.537078279444908i)+ud1.*(8.404794765486654+3.40517243456558i)+ud2.*(-3.267347767786691-6.084633407588262i)+ud3.*(1.947118934492892e+1-2.654218499832072i)+x1.*(2.974031833413165+1.916897267423765e-1i)+x2.*(-5.358147201185145-1.679902932117027i)+xd1.*(-2.599119018001623-2.916644078342983e-2i)+xd2.*(5.11781736172677+1.57573321430517i)+ud1.*ud2.*(-1.433931617398349-5.167772313165302e-1i)+ud1.*ud3.*(7.839257230005447e-1+5.74736902399707e-2i)+ud2.*ud3.*(-4.177034131952204e-1+3.745129662527411e-1i)+ud1.*x1.*(-8.450901461398796+4.936848541821424i)+ud1.*x2.*(1.583604282636405e+1+4.645489550949781e-1i)+ud2.*x1.*(4.709493713714877-5.092496151553154i)+ud2.*x2.*(-7.742123616527549-3.923924557067882i)+ud3.*x1.*(-5.468048807319235e-1-1.374354413022656i)+ud3.*x2.*(-3.926897632876697+1.915193533535671i)+ud1.*xd1.*(7.337327974401883-5.06264233895018i)+ud1.*xd2.*(-1.54028801205194e+1-2.576296245355207e-1i)+ud2.*xd1.*(-3.873396247469136+4.687038061227032i)+ud2.*xd2.*(5.535145061791113+3.374992605464723i)+ud3.*xd1.*(6.794749154804856e-1+1.912317699858078i)+ud3.*xd2.*(4.851207100270631-2.161258222812661i)+x1.*x2.*(1.066524187274296e+1+1.734256564902551e+1i)+x1.*xd1.*(-1.860011573458951-3.972686378216321i)+x1.*xd2.*(-1.666380427619243e+1-9.611913220009901i)+x2.*xd1.*(-2.920356350330889-1.691553773404673e+1i)+x2.*xd2.*(5.373204809120742+2.028463603752135e+1i)+xd1.*xd2.*(7.849488156188447+9.559693820567595i)+8.723727640801504e-3-4.339896188327446e-4i;t2.*(-6.996308029795616e-1-2.07820857499123e-1i)+t3.*(-1.649801404402352+4.581525146695556i)+t4.*(-7.034612217170465e-1+6.157849549917098e-1i)+t5.*(-4.226494193428151e+1+4.092501350456597e+1i)+t6.*(1.153268963946362e+1+1.864207501843711e+2i)+t7.*(-3.114467124775143e+1-2.226052801991534e+1i)+t8.*(2.949762569219708e+1+1.211088366219482e+2i)+u1.*(6.888834211761045e+2-1.285642159778706e+1i)+u2.*(-5.543732306967645e+1-3.165217647312097i)+u3.*(-4.402285208221107e+1-6.455357610986695e+1i)+ud1.*(-6.883711276417937e+2+1.284234686346936e+1i)+ud2.*(5.495941996502083e+1+2.491530891064782i)+ud3.*(4.382065838284282e+1+6.499165636235155e+1i)+x1.*(1.807214956619076e+1+4.61574621575854i)+x2.*(-8.367103678546952e-1+4.181792655788769e-2i)+xd1.*(-1.781762988048249e+1-5.18281692656523i)+xd2.*(1.319993554374492+3.194824407985438e-1i)+ud1.*ud2.*(2.584333366898493-2.635168733799238e-1i)+ud1.*ud3.*(-4.31424497785737e-1+2.059696647642069i)+ud2.*ud3.*(4.002715771889337e-1-7.390849113699125i)+ud1.*x1.*(-1.759944766754411e+1-4.405915802680087e+1i)+ud1.*x2.*(9.832642881639808+7.234276439429249i)+ud2.*x1.*(1.378639838140973+9.851994103119745e+1i)+ud2.*x2.*(4.913897487680532e+1-8.009708481150361e+1i)+ud3.*x1.*(2.799884742424501e+1-2.50128934241902e+1i)+ud3.*x2.*(-6.203202998810722e+1+6.23237913532671e+1i)+ud1.*xd1.*(1.786888851287328e+1+4.195050257477732e+1i)+ud1.*xd2.*(-1.150707577386035e+1-6.825821923123706i)+ud2.*xd1.*(-1.640134414319185-8.828940583113098e+1i)+ud2.*xd2.*(-4.514983574143734e+1+7.439753703022073e+1i)+ud3.*xd1.*(-2.716126999549753e+1+2.082830405785059e+1i)+ud3.*xd2.*(5.992579820984175e+1-5.741380704898986e+1i)+x1.*x2.*(6.614987988418909e+1-3.509715565296132e+2i)+x1.*xd1.*(7.341370636219165e+1-1.476162830306434e+1i)+x1.*xd2.*(-6.95192266874365e+1+2.636463680305208e+2i)+x2.*xd1.*(-4.183183982950042+2.584505540041997e+2i)+x2.*xd2.*(-4.261006886000413e+1-3.055819106280395e+2i)+xd1.*xd2.*(9.23434244330576-1.779555803081271e+2i)+-8.596145323540887e-2+2.754963486120663e-2i;