function polyBasis = stateLift(in1)
%STATELIFT
%    POLYBASIS = STATELIFT(IN1)

%    This function was generated by the Symbolic Math Toolbox version 7.2.
%    02-May-2019 17:04:15

x1 = in1(1,:);
x2 = in1(2,:);
x3 = in1(3,:);
x4 = in1(4,:);
x5 = in1(5,:);
x6 = in1(6,:);
t2 = x1.^2;
t3 = x2.^2;
t4 = x3.^2;
t5 = x4.^2;
t6 = x5.^2;
t7 = x6.^2;
t8 = x1.*x2;
t9 = x1.*x3;
t10 = x2.*x3;
t11 = x1.*x4;
t12 = x2.*x4;
t13 = x3.*x4;
t14 = x1.*x5;
t15 = x2.*x5;
t16 = x3.*x5;
t17 = x4.*x5;
t18 = x1.*x6;
t19 = x2.*x6;
t20 = x3.*x6;
t21 = x4.*x6;
t22 = x5.*x6;
polyBasis = [x1;x2;x3;x4;x5;x6;1.0;1.0;1.0;t2;t8;t3;t9;t10;t4;t11;t12;t13;t5;t14;t15;t16;t17;t6;t18;t19;t20;t21;t22;t7;x1;x2;x3;x4;x5;x6;1.0;x1;x2;x3;x4;x5;x6;1.0;1.0;x1;x2;x3;x4;x5;x6;1.0;1.0;1.0;t2.*x1;t2.*x2;t3.*x1;t3.*x2;t2.*x3;x1.*x2.*x3;t3.*x3;t4.*x1;t4.*x2;t4.*x3;t2.*x4;x1.*x2.*x4;t3.*x4;x1.*x3.*x4;x2.*x3.*x4;t4.*x4;t5.*x1;t5.*x2;t5.*x3;t5.*x4;t2.*x5;x1.*x2.*x5;t3.*x5;x1.*x3.*x5;x2.*x3.*x5;t4.*x5;x1.*x4.*x5;x2.*x4.*x5;x3.*x4.*x5;t5.*x5;t6.*x1;t6.*x2;t6.*x3;t6.*x4;t6.*x5;t2.*x6;x1.*x2.*x6;t3.*x6;x1.*x3.*x6;x2.*x3.*x6;t4.*x6;x1.*x4.*x6;x2.*x4.*x6;x3.*x4.*x6;t5.*x6;x1.*x5.*x6;x2.*x5.*x6;x3.*x5.*x6;x4.*x5.*x6;t6.*x6;t7.*x1;t7.*x2;t7.*x3;t7.*x4;t7.*x5;t7.*x6;t2;t8;t3;t9;t10;t4;t11;t12;t13;t5;t14;t15;t16;t17;t6;t18;t19;t20;t21;t22;t7;x1;x2;x3;x4;x5;x6;1.0;t2;t8;t3;t9;t10;t4;t11;t12;t13;t5;t14;t15;t16;t17;t6;t18;t19;t20;t21;t22;t7;x1;x2;x3;x4;x5;x6;1.0;x1;x2;x3;x4;x5;x6;1.0;1.0;t2;t8;t3;t9;t10;t4;t11;t12;t13;t5;t14;t15;t16;t17;t6;t18;t19;t20;t21;t22;t7;x1;x2;x3;x4;x5;x6;1.0;x1;x2;x3;x4;x5;x6;1.0;1.0;x1;x2;x3;x4;x5;x6;1.0;1.0;1.0];
