function vf2 = vf_sysid(in1,u1)
%VF_SYSID
%    VF2 = VF_SYSID(IN1,U1)

%    This function was generated by the Symbolic Math Toolbox version 7.2.
%    31-Jul-2018 16:47:28

x1 = in1(1,:);
x2 = in1(2,:);
t2 = u1.^2;
t3 = x2.^2;
t4 = x1.^2;
vf2 = [t2.*(-2.664767891190737e-3)+t3.*2.96341593380176e-3-t4.*4.863053161275771e-3+u1.*3.193028752751834e-3+x1.*4.259661850985595e-3+x2.*1.003605124318125-t2.*u1.*7.085776957981986e-3-t3.*u1.*8.190729221480661e-2+t4.*u1.*1.838735736127163e-2-t2.*x1.*2.52902233440858e-2+t2.*x2.*1.838958561064722e-2+t3.*x1.*1.812190428824167e-2+t3.*x2.*7.936477005951148e-2+t4.*x1.*8.267447510505037e-4-t4.*x2.*2.999669899729013e-2+u1.*x1.*3.072984842351015e-3-u1.*x2.*7.296514362630379e-3+x1.*x2.*1.124341843445406e-2+u1.*x1.*x2.*2.335716765116589e-2+2.29031980015325e-3;t2.*5.629909378426237e-3+t3.*2.882284605170866e-3+t4.*4.823748056181365e-3+u1.*3.374241877291673e-3+x1.*1.00462660771906-x2.*2.353327215000599e-1+t2.*u1.*2.303116877168342e-3-t3.*u1.*7.045846670710702e-2+t4.*u1.*2.120068005306363e-1+t2.*x1.*2.69480465413669e-3+t2.*x2.*3.502939944484772e-2+t3.*x1.*7.762644418992255e-3-t3.*x2.*8.113948932628987e-2-t4.*x1.*1.008293308628256+t4.*x2.*3.778050831588608e-2+u1.*x1.*3.341539250104713e-3-u1.*x2.*1.388829219855092e-2+x1.*x2.*7.512058784326778e-3-u1.*x1.*x2.*2.722467475822631e-2-7.747462993561082e-3];
