function vf2 = vf_sysid(in1,in2)
%VF_SYSID
%    VF2 = VF_SYSID(IN1,IN2)

%    This function was generated by the Symbolic Math Toolbox version 7.2.
%    01-Aug-2018 18:31:53

u1 = in2(1,:);
u2 = in2(2,:);
u3 = in2(3,:);
x1 = in1(1,:);
x2 = in1(2,:);
x3 = in1(3,:);
x4 = in1(4,:);
vf2 = [u1.*7.97842587964254e-5+u2.*2.499107030277492e-4-u3.*1.726739707471104e-4+x1.*1.031136668576436-x2.*3.473469913950528e-3+x3.*1.879194611534953-x4.*1.333106962728402e-3-1.927395612811628e-4;u1.*9.958371853150891e-3-u2.*1.855809154322994e-2+u3.*1.90296802006492e-2-x1.*2.295379491846111e1+x2.*2.930661182601432e-1-x3.*3.950351383217987+x4.*1.799367067110631+3.62622362485764e-2;u1.*(-6.737697813608218e-4)-u2.*2.03518120471605e-3+u3.*1.396800279470669e-3-x1.*8.478338836992695+x2.*2.823350363962522e-2-x3.*7.473249257749604+x4.*1.051612170235659e-2+1.536383791856407e-3;u1.*(-8.26864614824175e-2)+u2.*1.529332168840686e-1-u3.*1.570624271627014e-1+x1.*1.87058641101423e2-x2.*2.416469483832008+x3.*3.493908030698083e1-x4.*6.678665491347688-2.996883652248583e-1];
