function vf2 = vf_sysid(in1,u1)
%VF_SYSID
%    VF2 = VF_SYSID(IN1,U1)

%    This function was generated by the Symbolic Math Toolbox version 7.2.
%    02-Aug-2018 18:41:01

x1 = in1(1,:);
x2 = in1(2,:);
x3 = in1(3,:);
x4 = in1(4,:);
vf2 = [u1.*(7.703443312384411e-3+2.003620558318156e-1i)+x1.*(-6.010444543304684e-1-2.121708229267828i)+x2.*(5.239316230135885e-1+2.525818841244728e-1i)+x3.*(8.657374341855417e-1-2.422257518074974i)+x4.*(3.472857054124238e-1-1.644244119677804e-1i)+4.841187005604248e-1+1.17469986637156e1i;u1.*(-3.028022351909719e-2+4.125595310220757e-2i)+x1.*(-1.076162290885552e-1+3.43373845931943i)+x2.*(3.857649567591232e-1-3.779491119658021i)+x3.*(2.956875364150524e-1-6.914349433856395e-2i)+x4.*(1.343597342492636-2.694803526822816i)+-1.748522012560422+2.176818409183107i;u1.*(2.909886838422514-7.896311727450637i)+x1.*(-1.922134596283378e1+9.359549430771568e1i)+x2.*(-7.80709815096364-1.983198736245425e1i)+x3.*(-3.487668038161886e1+9.656924924764905e1i)+x4.*(-1.014944791446622e1-3.7997317366922e-1i)+1.698786385516159e2-4.635755507426754e2i;u1.*(1.366086932358151-1.042836323231999i)+x1.*(5.385468993802854e1-1.300120460539738e2i)+x2.*(-6.590816668458029e1+1.383150008985459e2i)+x3.*(-7.579390496995105-3.049048294793368i)+x4.*(-4.953623464430419e1+9.782750931666479e1i)+7.582105569510146e1-5.232226080914631e1i];
