function out1 = vf_koopman(in1,in2)
%VF_KOOPMAN
%    OUT1 = VF_KOOPMAN(IN1,IN2)

%    This function was generated by the Symbolic Math Toolbox version 8.4.
%    29-Apr-2020 22:45:25

u1 = in2(1,:);
u2 = in2(2,:);
u3 = in2(3,:);
x1 = in1(1,:);
x2 = in1(2,:);
t2 = u1.^2;
t3 = u1.^3;
t4 = u2.^2;
t6 = u2.^3;
t7 = u3.^2;
t9 = u3.^3;
t11 = x1.^2;
t12 = x1.^3;
t13 = x2.^2;
t15 = x2.^3;
t5 = t2.^2;
t8 = t4.^2;
t10 = t7.^2;
t14 = t11.^2;
t16 = t13.^2;
out1 = [t2.*3.286180233163724e-2-t3.*2.88922741506812e-1+t4.*2.710101635494802e-1+t5.*2.05599987609174e-2-t6.*1.702344354826745e-1+t7.*1.749130884017074-t8.*9.160397781639872e-2+t9.*1.496119075522714-t10.*2.740888827679301e-1+t11.*5.392637216143767-t12.*9.645798037293813-t13.*6.422493350653617e-2+t14.*4.118958404691701+t15.*5.6833747565938e-1+t16.*2.291934990499057-u1.*3.095801775684505e-1-u2.*1.54214491380023e-1+u3.*9.088322043622516e-1-x1.*1.18582909603264-x2.*2.699668845910548e-1-t2.*t4.*4.58928409333567e-1+t2.*t7.*4.544662830893831e-1+t4.*t7.*7.321485635898696e-1+t2.*t11.*3.13194105286338+t2.*t13.*1.96861940017042e-1+t4.*t11.*4.85408251373569+t4.*t13.*1.111103210955887+t7.*t11.*1.701493098362205-t7.*t13.*1.572474277740508-t11.*t13.*1.064154976617491-t2.*u2.*2.293069435811921e-1+t2.*u3.*8.574477300737871e-1+t3.*u2.*4.567592609200267e-1-t4.*u1.*3.836877635893355e-1-t3.*u3.*3.975344573856083e-1+t4.*u3.*1.300353744311941+t6.*u1.*4.485612251351327e-1-t7.*u1.*9.212726255570096e-1+t6.*u3.*8.786844372860264e-2-t7.*u2.*1.307232341214495+t9.*u1.*4.91897124461773e-1-t9.*u2.*2.711471271278064e-1-t11.*u1.*5.241523379044542-t11.*u2.*6.917147666712857+t12.*u1.*4.454460153151434+t11.*u3.*1.59474082155488e+1+t12.*u2.*1.041599521416491e+1+t13.*u1.*6.603390798192128e-2-t12.*u3.*6.482460828246127-t13.*u2.*7.789658714596375e-1+t13.*u3.*1.592832789179497+t15.*u1.*1.96142393086659-t15.*u2.*2.514082805556681-t15.*u3.*4.941408519209663e-2+u1.*u2.*3.976841011237853e-1-u1.*u3.*7.448387401916194e-1-u2.*u3.*7.583247820585934e-1-t2.*x1.*1.804951259127952-t2.*x2.*5.305706013434491e-1+t3.*x1.*1.094043430128201-t3.*x2.*1.330674895354658e-1-t4.*x1.*2.379308809149596+t4.*x2.*4.549645222854872e-1+t6.*x1.*4.105092021885787e-1-t6.*x2.*1.443656782007796e-2-t7.*x1.*8.507981920254025+t7.*x2.*2.776543389407674e-1+t9.*x1.*8.591174302586443e-1+t9.*x2.*2.21592327688846e-1+t11.*x2.*1.203533767232775-t12.*x2.*3.184494474100176-t13.*x1.*2.225298477139852-t15.*x1.*5.175931454918688e-2+u1.*x1.*2.039552330658884-u1.*x2.*4.180338824996822e-1+u2.*x1.*1.869219744088096-u2.*x2.*3.491619318854721e-1-u3.*x1.*5.850224670513199+u3.*x2.*1.67365155014612e-2-x1.*x2.*1.584687507438778e-2-t2.*u2.*u3.*7.633412395719095e-1-t4.*u1.*u3.*9.468110458329418e-1+t7.*u1.*u2.*8.844269761337661e-1+t11.*u1.*u2.*5.442959547834733-t11.*u1.*u3.*5.241841261239188-t11.*u2.*u3.*1.235479375727778e+1+t13.*u1.*u2.*6.62980010806557e-1+t13.*u1.*u3.*1.56037262879268+t13.*u2.*u3.*1.268939514186927+u1.*u2.*u3.*6.497220580614876e-1+t2.*u2.*x1.*6.205913879865707e-1+t2.*u2.*x2.*1.499572707320727-t2.*u3.*x1.*2.71091985467448+t4.*u1.*x1.*2.234015249425896+t2.*u3.*x2.*1.632619623117435e-1-t4.*u1.*x2.*1.343575048594337-t4.*u3.*x1.*3.46971980942411-t4.*u3.*x2.*8.777400157300961e-1+t7.*u1.*x1.*2.430923054872908e-1+t7.*u1.*x2.*3.433735842784534e-3+t7.*u2.*x1.*4.172794024780345-t7.*u2.*x2.*7.923034552868549e-2+t11.*u1.*x2.*6.664136504837882e-1-t11.*u2.*x2.*4.198665261994876+t13.*u1.*x1.*9.040610791939974e-1+t11.*u3.*x2.*2.026918912261868+t13.*u2.*x1.*3.190243505715961e-1+t13.*u3.*x1.*5.340927055826581-u1.*u2.*x1.*1.746963985712351-u1.*u2.*x2.*1.51996458218731e-1+u1.*u3.*x1.*5.174514410011485+u1.*u3.*x2.*1.437952001204417+u2.*u3.*x1.*6.640618177017438-u2.*u3.*x2.*2.378207880855805+t2.*x1.*x2.*1.837862599047698-t4.*x1.*x2.*6.643304320948968e-1-t7.*x1.*x2.*1.032044770043451-u1.*x1.*x2.*2.272420379753393+u2.*x1.*x2.*3.207857702952759-u3.*x1.*x2.*9.594858330680279e-1-u1.*u2.*u3.*x1.*5.095615276167563-u1.*u2.*u3.*x2.*1.938738145226646e-1-u1.*u2.*x1.*x2.*2.296751481350234+u1.*u3.*x1.*x2.*3.709371934846619e-1+u2.*u3.*x1.*x2.*1.336163255536079e-1+1.327028779344411e-1;t2.*(-5.668651420115832e-1)-t3.*6.221480784385011e-1-t4.*4.019622681386054e-1+t5.*2.37973760395128e-1+t6.*5.508896512255458e-1+t7.*1.154717082023717e-2-t8.*2.907121870030746e-1+t9.*5.297495947097972e-2-t10.*8.152973504981234e-2-t11.*1.36129615821179e-1+t12.*1.013219834349147-t13.*2.387846005654856-t14.*1.552767574067431-t15.*3.484041692023542+t16.*3.902603600729627-u1.*4.682235499644544e-1+u2.*2.540924299259089e-1-u3.*1.358633988990727e-1+x1.*2.935975942940114e-1-x2.*7.847901223893351e-1-t2.*t4.*4.071453029826548e-1-t2.*t7.*3.995245118145334e-1+t4.*t7.*2.727510752416005e-1+t2.*t11.*1.613379716392245+t2.*t13.*7.208374669944191-t4.*t11.*2.496252775483343-t4.*t13.*6.328620722385844-t7.*t11.*1.618332859486969+t7.*t13.*1.19372188073739+t11.*t13.*2.177623085251096+t2.*u2.*1.296546016553685-t2.*u3.*1.880774923686265e-1-t3.*u2.*1.134298480596961e-1-t4.*u1.*1.200755094030456-t3.*u3.*2.713955908291812e-1-t4.*u3.*3.714613139155398e-1+t6.*u1.*7.273918824367611e-1-t7.*u1.*4.756703554060405e-1-t6.*u3.*1.393770994321776e-1+t7.*u2.*5.808486943476828e-1+t9.*u1.*4.486909484950197e-1-t9.*u2.*2.393127012485527e-1-t11.*u1.*1.092642677453691+t11.*u2.*2.447193136474525+t12.*u1.*1.457143978603684-t11.*u3.*7.933077406442167e-1-t12.*u2.*2.776108586342852-t13.*u1.*5.959683303782059+t12.*u3.*2.32157306406901+t13.*u2.*5.465230064478552-t13.*u3.*7.941073455420217e-1+t15.*u1.*9.273762237411022+t15.*u2.*3.055673029877982+t15.*u3.*3.128333369673324+u1.*u2.*8.552125273620196e-1-u1.*u3.*3.810215349564472e-1+u2.*u3.*1.874406348916367e-1-t2.*x1.*4.759868138014662e-2-t2.*x2.*3.371228533459417+t3.*x1.*5.886570339235195e-1+t3.*x2.*2.235062947678527+t4.*x1.*1.21497147789884-t4.*x2.*3.116492420093339-t6.*x1.*8.892076416415957e-1+t6.*x2.*2.651660580323106-t7.*x1.*3.179736609467586e-3-t7.*x2.*1.183815415466369+t9.*x1.*6.445021951212834e-1+t9.*x2.*6.495057121923854e-1-t11.*x2.*3.661802097305743+t12.*x2.*4.565839086755226+t13.*x1.*8.413886318938466e-1-t15.*x1.*1.575947174564691+u1.*x1.*4.730225679706867e-1-u1.*x2.*2.503027651784114-u2.*x1.*1.604373108876222e-1+u2.*x2.*1.82149709154313+u3.*x1.*2.933597219269319e-1-u3.*x2.*5.163803513194219e-1+x1.*x2.*2.851122929049886e-1-t2.*u2.*u3.*3.469317239770313e-1+t4.*u1.*u3.*3.675063382399932e-1+t7.*u1.*u2.*2.909938274478822e-1+t11.*u1.*u2.*1.094257449686922+t11.*u1.*u3.*6.799345668240032e-1+t11.*u2.*u3.*2.07576128383571e-1+t13.*u1.*u2.*4.262240840761555e-2+t13.*u1.*u3.*8.924850202372094e-1-t13.*u2.*u3.*4.48573723706626+u1.*u2.*u3.*2.979678333480772e-1+t2.*u2.*x1.*9.177955385926059e-1-t2.*u2.*x2.*9.265633833475327e-1+t2.*u3.*x1.*1.769164643435726e-1+t4.*u1.*x1.*7.75787126430688e-2-t2.*u3.*x2.*8.517800522491166e-1-t4.*u1.*x2.*3.201005606400782+t4.*u3.*x1.*2.742518963359126e-1+t4.*u3.*x2.*1.406864420016971-t7.*u1.*x1.*1.684443253780792-t7.*u1.*x2.*4.532185134877307e-1+t7.*u2.*x1.*1.081732328045693-t7.*u2.*x2.*1.049067838958664+t11.*u1.*x2.*4.521737381663331+t11.*u2.*x2.*4.788829437927566-t13.*u1.*x1.*1.11520961911223+t11.*u3.*x2.*6.859715615046522e-1-t13.*u2.*x1.*2.303383927017447e-1-t13.*u3.*x1.*3.958475376660054-u1.*u2.*x1.*2.316684277758825e-1+u1.*u2.*x2.*5.041788085585011+u1.*u3.*x1.*1.825097453069546-u1.*u3.*x2.*8.367621004325601e-1-u2.*u3.*x1.*2.077407419249403+u2.*u3.*x2.*9.990582298405819e-1+t2.*x1.*x2.*1.240688905118644+t4.*x1.*x2.*2.972748317791473-t7.*x1.*x2.*2.842931561596766-u1.*x1.*x2.*6.750667171435643e-2-u2.*x1.*x2.*2.675166980757069+u3.*x1.*x2.*4.126723096995225-u1.*u2.*u3.*x1.*1.005402634314283-u1.*u2.*u3.*x2.*2.275495341344246+u1.*u2.*x1.*x2.*2.706745105602982-u1.*u3.*x1.*x2.*7.936068261242121e-1+u2.*u3.*x1.*x2.*8.13136444927673e-1-2.075207274619374e-1];
