function vf2 = vf_koopman(in1,u1)
%VF_KOOPMAN
%    VF2 = VF_KOOPMAN(IN1,U1)

%    This function was generated by the Symbolic Math Toolbox version 7.2.
%    11-Sep-2018 14:45:52

x1 = in1(1,:);
x2 = in1(2,:);
x3 = in1(3,:);
t2 = u1.^2;
t3 = x1.^2;
t4 = x2.^2;
t5 = x3.^2;
t6 = t2.^2;
t7 = t3.^2;
t8 = t4.^2;
t9 = t5.^2;
vf2 = [t2.*(1.851679550521812e1-1.325469474560626e-1i)+t3.*(7.224040973677141+2.690568668071141e-2i)+t4.*(-1.768135593426972e1-5.075895869879794e-2i)+t5.*(2.533775935576613e1+8.627844579986443e-1i)+t6.*(-7.376801682364091e1+3.182008114229939e1i)+t7.*(-8.194813144191579e1+2.844264530829684e-2i)+t8.*(7.109229315880268e1-2.70086312228982i)+t9.*(-6.756208371276911e2-1.475627661056574e2i)+u1.*(-3.453487786288866e-1+5.662284454961118e-3i)+x1.*(3.825061974832216e-2+5.193209259542399e-4i)+x2.*(1.229252258837761+1.00415908626864e-2i)+x3.*(2.278369488673408-1.435850889863038e-2i)+t2.*t3.*(-3.892010110647946e2+1.492340469900319i)+t2.*t4.*(-6.13244654195373e2-5.352872984394439e1i)+t2.*t5.*(-1.671276531842715e3+3.908939883874557e2i)+t3.*t4.*(-5.411481499987559e1-1.135350328292038i)+t3.*t5.*(-1.915587650803011e2-3.678933168434015e1i)+t4.*t5.*(1.966323808231974e2-4.801513640831146e1i)+t2.*u1.*(-3.076497113072518e1-1.09099590980921i)+t3.*u1.*(-6.004226980028644e1-9.222641478413868e-1i)+t4.*u1.*(4.2183367483248e1+2.580916772520889i)+t5.*u1.*(8.046992626028843e1-4.333107510983519e1i)+t2.*x1.*(-8.184848590028048e1-6.41478252503529i)+t2.*x2.*(-4.796557805746384e1+1.888056275475405e1i)+t3.*x1.*(1.966819377904777e1+6.352005213358623e-2i)+t2.*x3.*(1.323104197610216e2-4.166468061065011e1i)+t3.*x2.*(-3.342596770785959e1-7.276184809342813e-1i)+t4.*x1.*(-3.268972769870199e1+1.540447018671755e-1i)+t3.*x3.*(4.417552789080084e1+3.275370079788437e-1i)+t4.*x2.*(-2.129995334560386e1-4.032161078108094e-1i)+t5.*x1.*(7.937741285853809e1+6.748747301411058i)+t4.*x3.*(-8.231008048418104e1+4.671426105633278i)+t5.*x2.*(6.035647413787435-1.027746194065502e1i)+t5.*x3.*(1.109038217409954e2-7.313009882076211i)+u1.*x1.*(6.577903875359603+1.28403506694569e-1i)+u1.*x2.*(-5.437522381003173e1-8.854615436304734e-1i)+u1.*x3.*(-4.326354117369026+1.366860059743559i)+x1.*x2.*(-1.910529739165773+8.632554105589302e-2i)+x1.*x3.*(-2.856190728851707-5.546193045854587e-2i)+x2.*x3.*(-3.884911677298875e1-4.732946666600282e-1i)+t2.*u1.*x1.*(1.64208445133634e2+6.746979867107372e1i)+t2.*u1.*x2.*(1.186472216946727e2-4.968561517081619e1i)+t3.*u1.*x1.*(-2.19775289027697e2-2.653476683301282i)+t2.*u1.*x3.*(-5.264856286694699e2+3.774022028069955e2i)+t3.*u1.*x2.*(-2.857151956229836e2+3.68012912187436e1i)+t4.*u1.*x1.*(3.712311984507383-1.048877964445624e1i)+t3.*u1.*x3.*(-6.918187868525941e2-3.551147973254412e1i)+t4.*u1.*x2.*(-6.704504824464071e2-6.170372498792047i)+t5.*u1.*x1.*(8.485530284061888e2-2.276271049144694e2i)+t4.*u1.*x3.*(-6.050339606527539e2-1.178910373502936e2i)+t5.*u1.*x2.*(2.620582001237167e3+8.475057300916309e2i)+t5.*u1.*x3.*(-1.490772996161598e3-9.49730108233536e1i)+t2.*x1.*x2.*(-2.378634399540988e2+2.046481647081523e2i)+t2.*x1.*x3.*(2.575877204402103e2-2.793122013657964e1i)+t3.*x1.*x2.*(-1.069626704290536e2+3.624135312287037i)+t2.*x2.*x3.*(1.774142401939076e3+3.749861372996403e2i)+t3.*x1.*x3.*(-2.506804589124902e2-5.207887570256508i)+t4.*x1.*x2.*(1.313317309789988e2+5.252745156155482e-1i)+t3.*x2.*x3.*(-2.514357564574346e2+4.450893449619429e1i)+t4.*x1.*x3.*(1.709653326012598e1-1.717961343327356e1i)+t5.*x1.*x2.*(-1.046532733339246e3+2.798518024138727e2i)+t4.*x2.*x3.*(-4.772326723057749e2-3.298041986010338i)+t5.*x1.*x3.*(5.598262345824234e2-1.381177908311151e2i)+t5.*x2.*x3.*(8.304688112283502e2+4.026814587791233e2i)+u1.*x1.*x2.*(-2.307869783940659e1-9.206771683799698i)+u1.*x1.*x3.*(8.824515075166998e1+1.576279011161101i)+u1.*x2.*x3.*(3.047913335843437e1+8.730851168028977i)+x1.*x2.*x3.*(-1.500774458683326e2-1.19281600605883e1i)+u1.*x1.*x2.*x3.*(-9.900959191334696e2+4.964038192418337e2i)+-1.69675011385841e-2-2.620114116580004e-5i;t2.*(-1.80763373416682e1+6.403001930546899e-2i)+t3.*(2.453141621786119+2.831245830445159e-2i)+t4.*(7.608994948323742+2.053970222887449e-1i)+t5.*(1.2358090962677e1+8.15004153253291e-1i)+t6.*(3.695924403007826e2+4.956156221409108e1i)+t7.*(5.628676727655778e1+6.944309624697615e-1i)+t8.*(3.231771284615525e1-3.954232821713998e-1i)+t9.*(1.518473321253342e3-1.166201029934924e2i)+u1.*(2.069782647687109+1.500391674789628e-3i)+x1.*(-1.387306757039293+9.9650707527439e-4i)+x2.*(-1.175940883605595+3.389344276993679e-3i)+x3.*(9.545488657296417e-1-4.913559070794013e-3i)+t2.*t3.*(-2.336277260058557e2+3.307481764143898e1i)+t2.*t4.*(6.041590065586421e2+1.127709493722923e2i)+t2.*t5.*(7.543133786019402e3+3.558654139706097e2i)+t3.*t4.*(-5.379318731121236e1+4.175981941540574i)+t3.*t5.*(-3.834755594356374e2+2.554310683438303i)+t4.*t5.*(-2.865543588351001e2+9.803703632203723i)+t2.*u1.*(-5.322336721522221-4.316201043522712i)+t3.*u1.*(-1.074404597781269e1-1.569577527337498i)+t4.*u1.*(-5.483746527182073e1-9.490034819939952i)+t5.*u1.*(-6.528807173248853e2-4.345071532812695e1i)+t2.*x1.*(2.782380398518898e1-4.411296571170404i)+t2.*x2.*(-8.127410890017379e1+5.651784073960768i)+t3.*x1.*(-2.570759776502334e1+1.549071309778596e-2i)+t2.*x3.*(-4.556398657222725e2-2.730107995469147e1i)+t3.*x2.*(7.454557474824948e1-8.633728589250368e-1i)+t4.*x1.*(5.457389118330723e1+7.632822602918066e-1i)+t3.*x3.*(-1.204389285519466e1-6.571691991370141e-1i)+t4.*x2.*(1.598433378643225e1-5.420455537242506e-1i)+t5.*x1.*(2.634856097869644e1+4.459406236937967i)+t4.*x3.*(1.343545174828337e1-8.990180860897833e-1i)+t5.*x2.*(1.342622121232642e2+6.425328720378773e-1i)+t5.*x3.*(-2.228797111870641e2-1.214412480921339e1i)+u1.*x1.*(5.23726903240519e1+5.470368554428226e-2i)+u1.*x2.*(5.144205257558048e1-3.828889634863769e-1i)+u1.*x3.*(3.995394287992815+7.229194764093527e-1i)+x1.*x2.*(1.525407624220993e1+1.564280379057448e-2i)+x1.*x3.*(5.263328070816699e1-5.846615024119048e-2i)+x2.*x3.*(3.049379278458445e1-8.971441628362959e-1i)+t2.*u1.*x1.*(3.585236707236079e1+7.243445448401397e1i)+t2.*u1.*x2.*(4.283614841430152e2+1.017980214604505e2i)+t3.*u1.*x1.*(-1.478965593121265e2+4.266258589117832i)+t2.*u1.*x3.*(3.347662779387385e3+2.530938070031978e2i)+t3.*u1.*x2.*(-3.187768509793138e2+4.966198720957455e1i)+t4.*u1.*x1.*(-2.617530872412335e2-2.434225103726286i)+t3.*u1.*x3.*(-8.538213337617441e2+3.366821076165256e1i)+t4.*u1.*x2.*(-1.28968878946435e2+6.08064786824314i)+t5.*u1.*x1.*(-1.510360181878712e3-1.490678024535022e2i)+t4.*u1.*x3.*(-7.098809559893225e1+5.146090463008029e1i)+t5.*u1.*x2.*(-8.155096782675638e2+6.625022904790133e2i)+t5.*u1.*x3.*(6.00601076223151e3-2.394314699524588e1i)+t2.*x1.*x2.*(8.264271586578403e1+2.065380241057962e2i)+t2.*x1.*x3.*(-7.677899031360628e2+2.860689050033797e1i)+t3.*x1.*x2.*(-1.048074921242022e1+3.971194837968666i)+t2.*x2.*x3.*(-8.918256227197253e2+2.940698742674259e2i)+t3.*x1.*x3.*(-1.842051008726468e2+3.220766815992702i)+t4.*x1.*x2.*(-1.499390580611613e2+1.203658067273734i)+t3.*x2.*x3.*(-7.258073767345317e1+4.703543704605115e1i)+t4.*x1.*x3.*(-6.716593485870861e1+5.316270799804998i)+t5.*x1.*x2.*(-1.051518886382474e2+2.63817082769592e2i)+t4.*x2.*x3.*(-5.642637559829768e1-1.399647805353651i)+t5.*x1.*x3.*(-7.377595865057074e2-1.042820989501612e2i)+t5.*x2.*x3.*(-3.701459954209134e2+3.319339069245337e2i)+u1.*x1.*x2.*(-6.371036852452416e1-6.005615670423356i)+u1.*x1.*x3.*(-8.647042456900745e1+6.016944990865969e-1i)+u1.*x2.*x3.*(1.826626796193253e2+2.551182443955189e1i)+x1.*x2.*x3.*(9.010322936589449e1-1.054117981817131e1i)+u1.*x1.*x2.*x3.*(1.254804474194585e2+5.091069023354029e2i)+-3.784041858625822e-2-3.712037887007401e-6i;