function vf2 = vf_koopman(in1,u1)
%VF_KOOPMAN
%    VF2 = VF_KOOPMAN(IN1,U1)

%    This function was generated by the Symbolic Math Toolbox version 7.2.
%    10-Oct-2018 13:30:13

x1 = in1(1,:);
x2 = in1(2,:);
x3 = in1(3,:);
t2 = u1.^2;
t3 = x1.^2;
t4 = x2.^2;
t5 = x3.^2;
vf2 = [t2.*(-7.524945702494243)+t3.*1.014349519995002e-1-t4.*8.668306981229454e-1+t5.*1.077966763815174e1+u1.*4.504328307584641-x1.*1.661186334577865+x2.*1.59061804237711e1-x3.*1.271918615295677e1+u1.*x1.*2.76183759524188-u1.*x2.*3.828353953074511e1+u1.*x3.*2.148364285806882e1+x1.*x2.*4.250267795292967e-1+x1.*x3.*1.165546138748588-x2.*x3.*1.898353886897262e1-1.275139359637266;t2.*1.228090274007609e1+t3.*3.524598653615894e-1+t4.*7.217780838648584e-1+t5.*9.289914756382716-u1.*2.128407374183279-x1.*5.978897318731812-x2.*3.653203364476968-x3.*2.154385922941131+u1.*x1.*1.741999293612265e1+u1.*x2.*9.792060247892369+u1.*x3.*1.98236564308253e1+x1.*x2.*7.152276618370638e-1+x1.*x3.*1.096265894698509e1+x2.*x3.*4.13483425778965-7.434458646071083e-1;t2.*(-4.262458859137385)+t3.*4.706037915178407e-2+t4.*2.925744890203192e-1+t5.*6.518301160447384e-1+u1.*1.997134128749534-x1.*7.920601106623169e-1-x2.*9.460622722643667e-1-x3.*1.465544698589198+u1.*x1.*2.230179647879678+u1.*x2.*2.354502436613003-u1.*x3.*3.524061253641397e-1-x1.*x2.*3.048779448595659e-1+x1.*x3.*1.761780440072107+x2.*x3.*2.713093511995924e-1-1.406985055732916e-1];
