function vf2 = vf_koopman(in1,u1)
%VF_KOOPMAN
%    VF2 = VF_KOOPMAN(IN1,U1)

%    This function was generated by the Symbolic Math Toolbox version 7.2.
%    12-Oct-2018 19:23:30

x1 = in1(1,:);
x2 = in1(2,:);
x3 = in1(3,:);
t2 = u1.^2;
t3 = x2.^2;
t4 = x1.^2;
t5 = x3.^2;
vf2 = [t2.*6.047458946759886e-4-t3.*3.805939514311449e-4+t4.*2.367197641912568e-2-t5.*8.623952632368301e-2-u1.*8.807379310462582e-5-x1.*2.347055608337032e-2+x2.*9.137228166160638e-2-x3.*9.08127118524407e-3-t2.*u1.*8.18354892538775e-3-t3.*u1.*1.316977120702092e-3+t4.*u1.*1.964582467922028e-2-t5.*u1.*6.628066192561176e-3+t2.*x1.*1.119256971783259e-1-t2.*x2.*4.131540414713642e-1-t3.*x1.*3.172567273659564e-2+t2.*x3.*1.028164461494411e-2-t3.*x2.*2.142517368935792e-4-t4.*x1.*1.094716986349091e-2-t3.*x3.*8.375147144388246e-3+t4.*x2.*2.41256676764291e-3-t5.*x1.*3.600677360070852e-2+t4.*x3.*1.423999271021869e-2-t5.*x2.*6.751531219624303e-3-t5.*x3.*6.047681284551001e-3-u1.*x1.*1.934176433071792e-2+u1.*x2.*1.456481898270804e-3-u1.*x3.*8.483303340500868e-3-x1.*x2.*6.186592414191551e-2+x1.*x3.*9.108268453253587e-2+x2.*x3.*7.646769935489786e-3+u1.*x1.*x2.*1.224291368791853e-1+u1.*x1.*x3.*4.886594634843472e-3-u1.*x2.*x3.*1.108835318536755e-4-x1.*x2.*x3.*8.436311924593679e-2-3.310283812420114e-2;t2.*3.086745769768659e-2-t3.*1.021826740887256e-1-t4.*9.883239819952884e-4-t5.*5.500384885211437e-2-u1.*4.353856536987491e-2-x1.*3.805188859793556e-2-x2.*3.146202561609819e-2+x3.*4.239637118320847e-2+t2.*u1.*2.04694200764229e-2+t3.*u1.*3.732219842589454e-2-t4.*u1.*7.619288773049586e-2+t5.*u1.*4.527967827852941e-3+t2.*x1.*1.450047587281615e-1+t2.*x2.*3.844779611557041e-2+t3.*x1.*3.141496831703552e-3-t2.*x3.*3.661786408665588e-2-t3.*x2.*3.685449105335593e-2+t4.*x1.*3.396512725585056e-4-t3.*x3.*1.881221244416738e-1-t4.*x2.*2.308188934048776e-2-t5.*x1.*2.878599741948311e-3+t4.*x3.*4.946127020922714e-3+t5.*x2.*9.547551129479064e-3+t5.*x3.*2.203584049949543e-2+u1.*x1.*4.107163589906098e-3+u1.*x2.*1.156306566385054e-2+u1.*x3.*2.282150645552129e-2+x1.*x2.*8.898209739237108e-3-x1.*x3.*9.103927613453281e-3+x2.*x3.*9.861616032994799e-2+u1.*x1.*x2.*3.388550092699084e-2-u1.*x1.*x3.*2.63335686166349e-3+u1.*x2.*x3.*8.530267130806584e-3+x1.*x2.*x3.*2.340356663891104e-2+1.832415157704159e-3;t2.*(-4.324027486418529e-1)+t3.*1.221523051983819e-2+t4.*1.168018572791542e-2+t5.*4.172097006160038e-1+u1.*5.38250748276834e-3-x1.*2.465602180695983e-2-x2.*3.688972049356485e-3-x3.*4.361065695110147e-1-t2.*u1.*4.193783995833453e-1-t3.*u1.*7.990470075140198e-2-t4.*u1.*1.257776892071735e-2-t5.*u1.*2.028574857013733e-1+t2.*x1.*7.240641973114521e-2+t2.*x2.*1.771646744988515e-1-t3.*x1.*1.701771988706322e-3+t2.*x3.*3.726033363623677e-1+t3.*x2.*4.286407235127369e-3-t4.*x1.*4.469556941004793e-3-t3.*x3.*1.744714050723755e-1+t4.*x2.*2.791784122896154e-3+t5.*x1.*2.598275066794515e-2-t4.*x3.*4.934245505348134e-2-t5.*x2.*7.087052510216427e-2-t5.*x3.*1.774853258209486e-1-u1.*x1.*1.40826605660122e-3+u1.*x2.*1.324202291409043e-2-u1.*x3.*2.350503030249612e-1+x1.*x2.*1.002362558690975e-2+x1.*x3.*1.023898307440774e-1+x2.*x3.*1.792715903594717e-1+u1.*x1.*x2.*3.507005125730283e-3+u1.*x1.*x3.*2.950436844579399e-2-u1.*x2.*x3.*4.483752002694829e-3+x1.*x2.*x3.*2.100742074489552e-3+4.764960754248109e-2];
