function vf2 = vf_koopman(in1,u1)
%VF_KOOPMAN
%    VF2 = VF_KOOPMAN(IN1,U1)

%    This function was generated by the Symbolic Math Toolbox version 7.2.
%    16-Oct-2018 12:20:43

x1 = in1(1,:);
x2 = in1(2,:);
x3 = in1(3,:);
t2 = u1.^2;
t3 = x2.^2;
t4 = x1.^2;
t5 = x3.^2;
vf2 = [t2.*1.22314921248392-t3.*5.954185913044612e-1+t4.*5.193843937746042e-1+t5.*1.873528092483383+u1.*1.122705005034045+x1.*3.377128588620075e-1+x2.*9.870790779268869e-1-x3.*9.5162236541545e-1-t2.*u1.*7.70081139117783+t3.*u1.*2.364915389320964-t4.*u1.*1.581698024009842+t5.*u1.*2.127180489849577e1-t2.*x1.*1.376152652873693-t2.*x2.*8.030517023495859-t3.*x1.*1.135940923146322+t2.*x3.*4.38340665609001+t3.*x2.*9.406553234693293e-1-t4.*x1.*3.213389686825492e-1-t3.*x3.*1.262322996920469+t4.*x2.*1.072356029282077e-1-t5.*x1.*1.790662710334446-t4.*x3.*1.728167351483446-t5.*x2.*6.013629371376754e-2+t5.*x3.*1.26176611037387e1+u1.*x1.*4.367070831360383e-1-u1.*x2.*2.720359231048813+u1.*x3.*1.350110407532896-x1.*x2.*3.092330909892919+x1.*x3.*1.403506282396442-x2.*x3.*1.350789521869129e1+u1.*x1.*x2.*5.235493375635594-u1.*x1.*x3.*2.775447469921958+u1.*x2.*x3.*2.020558736201421+x1.*x2.*x3.*3.693657204429929-6.244259382906165e-2;t2.*1.415984109063641e-1-t3.*2.770612488959329e-1-t4.*1.226393528082627+t5.*6.961879818200982-u1.*2.476827096738139e-2-x1.*1.311085861475223-x2.*1.683097772895008+x3.*2.14120332138931+t2.*u1.*2.633182091614908+t3.*u1.*4.055119609285662+t4.*u1.*3.945851749863018-t5.*u1.*1.516740128071587e1+t2.*x1.*8.324950287129141+t2.*x2.*5.572335299673037e-1-t3.*x1.*7.364594273205202e-2+t2.*x3.*2.808747327246023e-1+t3.*x2.*8.054298836132626e-1-t4.*x1.*5.387034682658954e-2+t3.*x3.*2.487008598759287+t4.*x2.*6.846188358905976e-1+t5.*x1.*7.005192575876876+t4.*x3.*2.079691403990264-t5.*x2.*1.239391530996125-t5.*x3.*5.619318784181542+u1.*x1.*1.150833383177963+u1.*x2.*4.905141885474795-u1.*x3.*1.849934473092432+x1.*x2.*3.305123678152144+x1.*x3.*2.529987694302775+x2.*x3.*1.893481349296058-u1.*x1.*x2.*8.315812234573722+u1.*x1.*x3.*1.255667622618461e1+u1.*x2.*x3.*3.866063859106779e-1-x1.*x2.*x3.*4.367391115943722-1.377848114563389e-1;t2.*(-3.694872097162956)-t3.*7.552175319452242e-1-t4.*5.306157906459118e-1+t5.*6.898711250799731e-1+u1.*9.89368883090462e-1-x1.*2.892595652318002e-1-x2.*5.145739241435055e-2-x3.*1.8206111450357+t2.*u1.*1.849437938334405+t3.*u1.*2.01287548166483+t4.*u1.*7.652692466017003e-1+t5.*u1.*1.558672972777578+t2.*x1.*5.180049968699435e-2+t2.*x2.*7.530200587450575e-1-t3.*x1.*1.441727935327854e-1+t2.*x3.*8.003885780362155e-1+t3.*x2.*8.077873267809373e-2-t4.*x1.*7.37128268073832e-2+t3.*x3.*2.409561130785336e-1-t4.*x2.*4.793308577716822e-2-t5.*x1.*1.40781862106214-t4.*x3.*5.794725669584492e-2-t5.*x2.*9.954031885500216e-1+t5.*x3.*1.09733526573405+u1.*x1.*1.544047204066283e-1+u1.*x2.*1.279603921814165e-1+u1.*x3.*9.721626717807734e-1-x1.*x2.*7.147812529942624e-1+x1.*x3.*5.086481166514546e-1+x2.*x3.*1.293290747732765+u1.*x1.*x2.*1.432025037900473-u1.*x1.*x3.*1.620639967558325-u1.*x2.*x3.*2.951426094729955+x1.*x2.*x3.*1.275239536357692-1.648724046502351e-2];
