function vf2 = vf_sysid(in1,u1)
%VF_SYSID
%    VF2 = VF_SYSID(IN1,U1)

%    This function was generated by the Symbolic Math Toolbox version 7.2.
%    13-Jul-2018 17:42:19

x1 = in1(1,:);
x2 = in1(2,:);
t2 = u1.^2;
t3 = x2.^2;
t4 = x1.^2;
vf2 = [t2.*1.385802095874929e-3-t3.*3.040209338199098e-3+t4.*3.573655140807846e-4-u1.*6.280922199714844e-3+x1.*1.144973119958742e-2+x2.*1.010567577253744+t2.*u1.*1.131585526234514e-2-t3.*u1.*1.33505633863309e-2-t4.*u1.*6.863766446661076e-3+t2.*x1.*7.80366729191237e-3+t2.*x2.*2.39936068183501e-3-t3.*x1.*3.637942255035351e-2-t3.*x2.*5.172037128409092e-2-t4.*x1.*7.103414013122512e-3+t4.*x2.*1.800415555909395e-2-u1.*x1.*8.334551329619183e-3+u1.*x2.*5.217960639573936e-4+x1.*x2.*2.260027861334942e-2+u1.*x1.*x2.*4.087092620242594e-3+1.501330502575699e-3;t2.*9.110231795329984e-4-t3.*1.22683321637007e-2-t4.*2.631695936146296e-3-u1.*5.473618545702103e-3+x1.*1.00801034849738-x2.*1.842468124884569e-1+t2.*u1.*1.269303343134487e-2+t3.*u1.*5.891280608611451e-2+t4.*u1.*1.840888604757279e-1+t2.*x1.*1.407994090336726e-2-t2.*x2.*3.558523528266377e-2-t3.*x1.*3.213545410535756e-2+t3.*x2.*4.980508505987191e-2-t4.*x1.*1.001788719377274-t4.*x2.*3.291246983913924e-2+u1.*x1.*4.46705621468208e-3-u1.*x2.*1.280655163107318e-2-x1.*x2.*2.68808096373055e-2-u1.*x1.*x2.*3.145075541447055e-2+6.321634232584999e-3];
