function vf2 = vf_sysid(in1)
%VF_SYSID
%    VF2 = VF_SYSID(IN1)

%    This function was generated by the Symbolic Math Toolbox version 7.2.
%    13-Jul-2018 16:02:31

x1 = in1(1,:);
x2 = in1(2,:);
t2 = x1.^2;
t3 = x2.^2;
vf2 = [t2.*(-1.157811638355821e-3)+t3.*6.377789672364187e-2+x1.*1.249076461599747e-2+x2.*1.000031086628426-t2.*x1.*1.009885622606029e-2+t2.*x2.*3.122655359680552e-2+t3.*x1.*1.387812603988711e-1-t3.*x2.*9.070169397095557e-2-x1.*x2.*2.755047926449301e-2-1.101129210594355e-3;t2.*(-1.859005144267271e-2)+t3.*2.751232623056582e-2-x1.*9.976129249207443e-1+x2.*9.502675950974793e-1-t2.*x1.*1.973641613506677e-2-t2.*x2.*2.720218541125892e-1+t3.*x1.*1.736262759298138e-1-t3.*x2.*1.849998771876661-x1.*x2.*3.812304758830279e-2+1.347065242040717e-2];
