function vf = dynamics_sysid(in1)
%DYNAMICS_SYSID
%    VF = DYNAMICS_SYSID(IN1)

%    This function was generated by the Symbolic Math Toolbox version 7.2.
%    12-Jul-2018 17:36:22

x1 = in1(1,:);
x2 = in1(2,:);
t2 = x1.^2;
t3 = x2.^2;
vf = [t2.*(-1.664139596144811e-3)+t3.*4.840134678843503e-3-x1.*2.175129940756699e-3+x2.*9.95144940658406e-1+t2.*x1.*9.526413633384228e-4+t2.*x2.*5.802018043680772e-3+t3.*x1.*1.124732759438707e-2-t3.*x2.*7.157501124867714e-3-x1.*x2.*5.265807337069521e-3-6.43738853863989e-5;t2.*(-3.645636821738592e-4)+t3.*1.958941560493762e-3-x1.*9.981673032956747e-1-x2.*9.978760997063577e-1+t2.*x1.*6.327311381507328e-4-t2.*x2.*2.194375253416676e-3-t3.*x1.*1.366274682151913e-2+t3.*x2.*4.176762480647607e-3+x1.*x2.*3.908932705932983e-3+2.315003749075208e-4];
