function vf2 = vf_sysid(in1,u1)
%VF_SYSID
%    VF2 = VF_SYSID(IN1,U1)

%    This function was generated by the Symbolic Math Toolbox version 7.2.
%    06-Aug-2018 19:10:28

x1 = in1(1,:);
x2 = in1(2,:);
x3 = in1(3,:);
x4 = in1(4,:);
t2 = u1.^2;
t3 = x1.^2;
t4 = x2.^2;
t5 = x3.^2;
t6 = x4.^2;
vf2 = [t2.*(-2.416728056038299e1+9.460067064579182i)+t3.*(-7.438047515745047e-6+1.623701173514291e-14i)+t4.*(-1.53562768211526e-5-1.268776750329437e-13i)+t5.*(-7.690426952075774e-7-5.620504062164855e-15i)+t6.*(8.514518540426018e-7-2.745199900733297e-15i)+u1.*(6.514509942011914e2-7.254202696148309e1i)+x1.*(1.58726598254489e-3-6.84452494681409e-13i)+x2.*(-7.263675523978288e-4-4.244157109090096e-12i)+x3.*(1.00035925110031-7.392524092875163e-13i)+x4.*(-3.794183444861751e-4+6.497406779271131e-14i)+u1.*x1.*(-1.520490667079908e3+1.86752532520537e2i)+u1.*x2.*(-9.801005605619398e2+1.271423939451185e2i)+u1.*x3.*(-5.312758029372015e2+7.275205088955637e1i)+u1.*x4.*(-2.176856672210548e2+3.621436876262054e1i)+x1.*x2.*(5.871491271553127e-6-5.93275428784068e-15i)+x1.*x3.*(-8.035416086422248e-6+2.581268532253489e-14i)+x1.*x4.*(-6.991291977283091e-6+1.131907068074867e-14i)+x2.*x3.*(-3.397798349711462e-6-3.299444051307887e-14i)+x2.*x4.*(-8.453783740627364e-6-2.602085213965211e-14i)+x3.*x4.*(-3.51131675393405e-7-1.654926196081874e-14i)+1.434340253853223e-7-1.695095886572462e-14i;t2.*(-8.028682996802185e1-1.410417374659484e1i)+t3.*(5.035942872658877e-6-6.609296443471635e-15i)+t4.*(2.947389966708337e-5+1.483448780481567e-13i)+t5.*(-1.0054308314134e-7+6.505213034913027e-15i)+t6.*(-1.532778606607395e-6+4.16984155537925e-15i)+u1.*(-1.076919375040083e3+1.114777007295848e2i)+x1.*(-2.556585436392662e-3+9.773432063653331e-13i)+x2.*(1.226124419164598e-3+6.133427099541677e-12i)+x3.*(-5.272440589886365e-4+9.993568472754788e-13i)+x4.*(1.000599210187743-9.128114930589959e-14i)+u1.*x1.*(2.075726112803913e3-2.611544825037971e2i)+u1.*x2.*(1.340904931413405e3-1.713048700513669e2i)+u1.*x3.*(6.875640107961581e2-1.026003635911141e2i)+u1.*x4.*(2.481130969400888e2-4.438582731278342e1i)+x1.*x2.*(-1.083228911636855e-5+3.286433625238061e-14i)+x1.*x3.*(9.111740864762782e-6-1.686151218649456e-14i)+x1.*x4.*(1.762948590168859e-5-6.661338147750939e-15i)+x2.*x3.*(1.395864999264446e-6+4.345482307321902e-14i)+x2.*x4.*(1.241326621354878e-5+2.231288070975168e-14i)+x3.*x4.*(-9.438161160165576e-8+2.328866266498864e-14i)+4.011261466194615e-8+4.069701932223058e-14i;t2.*(6.569259949651935e3-6.237509316179954e2i)+t3.*(1.341394308070704e-2-8.053079687472819e-13i)+t4.*(-1.592910893275046e-2+7.762991096303684e-12i)+t5.*(3.278257550071012e-3+3.412236313816985e-13i)+t6.*(1.618818738283696e-3+1.867695451421292e-13i)+u1.*(-4.189999898233582e4+4.82842432209398e3i)+x1.*(-1.187051096550886e1+4.454413400634127e-11i)+x2.*(5.036634266551242+2.77193645641105e-10i)+x3.*(-1.145591573047644+4.734962422148215e-11i)+x4.*(-2.829770925928624e-1-4.202575787370932e-12i)+u1.*x1.*(1.087557260169232e5-1.207777206127958e4i)+u1.*x2.*(7.368238896294072e4-8.134051781935424e3i)+u1.*x3.*(4.282190015557163e4-4.716854876631918e3i)+u1.*x4.*(2.101381856960313e4-2.256701080620249e3i)+x1.*x2.*(-6.368822599511076e-3+7.71811000527256e-13i)+x1.*x3.*(2.235547195438593e-3-1.522558121247464e-12i)+x1.*x4.*(-1.113090164784024e-2-7.069865526343477e-13i)+x2.*x3.*(1.200752817981311e-2+1.993990909887611e-12i)+x2.*x4.*(4.368407852682957e-4+1.379404403201168e-12i)+x3.*x4.*(3.928997927382396e-3+1.061416579628549e-12i)+-7.000093962778303e-4+1.3268742489025e-12i;t2.*(-2.6719739133738e3+9.336300198279334e2i)+t3.*(-2.448855126563973e-2+2.488894507157724e-14i)+t4.*(2.092998928919275e-2-9.085909108419443e-12i)+t5.*(-4.60398273925868e-3-4.005243402563363e-13i)+t6.*(-1.710294644401042e-3-2.870652934111595e-13i)+u1.*(6.950361810626333e4-7.439197589357677e3i)+x1.*(9.131583368351267-6.409935082718476e-11i)+x2.*(-1.268945292027701e1-4.023951224313427e-10i)+x3.*(1.210500288985588-6.429573019828272e-11i)+x4.*(-6.675057269766866e-1+5.944385608747105e-12i)+u1.*x1.*(-1.497332013539056e5+1.697581311280968e4i)+u1.*x2.*(-1.021788490898557e5+1.101060413955226e4i)+u1.*x3.*(-5.723732921259516e4+6.685928051398409e3i)+u1.*x4.*(-2.668940702582756e4+2.764998653423643e3i)+x1.*x2.*(1.315801675088664e-2-2.514993421853795e-12i)+x1.*x3.*(-9.582721907008054e-3+1.001347442464162e-12i)+x1.*x4.*(1.47731796434303e-2+4.328828961952524e-13i)+x2.*x3.*(-9.611411344456894e-3-2.63997726674195e-12i)+x2.*x4.*(-1.720863155286034e-3-1.054989429150055e-12i)+x3.*x4.*(-4.846692617173591e-3-1.514901485505371e-12i)+9.547541665253076e-4-2.969678132959744e-12i];
