function vf2 = vf_sysid(in1,u1)
%VF_SYSID
%    VF2 = VF_SYSID(IN1,U1)

%    This function was generated by the Symbolic Math Toolbox version 7.2.
%    09-Aug-2018 19:01:50

x1 = in1(1,:);
x2 = in1(2,:);
x3 = in1(3,:);
x4 = in1(4,:);
t2 = u1.^2;
t3 = x1.^2;
t4 = x2.^2;
t5 = x3.^2;
t6 = x4.^2;
t7 = t2.^2;
t8 = t4.^2;
t9 = t3.^2;
t10 = t5.^2;
t11 = t6.^2;
vf2 = [t2.*4.428124818776396e-5-t3.*5.815583718050566e-2-t4.*5.806684852811235e-3+t5.*6.140516286833595e-4+t6.*6.411846068904048e-4-t7.*2.073252386680656e-6-t8.*1.030139237991347e-2-t9.*1.691125073296644e-2-t10.*1.465366518571755e-4-t11.*7.737846624373124e-6-u1.*4.437693584148117e-3+x1.*2.887916336282008e-1-x2.*1.432911493455155e-1+x3.*1.050639179706828-x4.*1.620262918194442e-2+t2.*t3.*2.200806630236373e-3+t2.*t4.*2.560452076014254e-4-t2.*t5.*1.139232064855466e-4+t3.*t4.*1.35356990243976e-1-t2.*t6.*2.864465704315208e-5+t3.*t5.*1.196868151046969e-2-t3.*t6.*5.711058675185292e-3+t4.*t5.*9.495902899490876e-4-t4.*t6.*1.871278058561865e-4-t5.*t6.*2.608908089778882e-4+t2.*u1.*1.607764292181414e-4-t3.*u1.*6.003999991255222e-2-t4.*u1.*3.088126547171358e-2-t5.*u1.*4.708840888366099e-3-t6.*u1.*1.194986674715776e-3-t7.*u1.*5.550539030992917e-6+t8.*u1.*1.571308899547312e-2+t9.*u1.*6.990311384447156e-2-t10.*u1.*3.221500400370585e-4-t11.*u1.*2.038308800404682e-5+t2.*x1.*1.876653104063868e-3-t2.*x2.*2.125745108490921e-3+t3.*x1.*3.546775451218656e-1-t2.*x3.*4.941029035602796e-4-t3.*x2.*3.241663261498065e-2-t4.*x1.*4.392520668917852e-1-t2.*x4.*5.745861970073907e-5-t3.*x3.*4.867615871476823e-3+t4.*x2.*2.127276658548385e-1+t5.*x1.*1.542426715647835e-2+t3.*x4.*9.729974276430613e-2-t4.*x3.*2.223060297959087e-2-t5.*x2.*6.65509138295955e-3-t6.*x1.*2.961799703095058e-3+t4.*x4.*1.498656609935232e-1+t5.*x3.*3.838053404235601e-3-t6.*x2.*1.365803731624363e-3+t7.*x1.*1.221196280192282e-4+t5.*x4.*2.056420784918108e-3-t6.*x3.*4.0377046387953e-3-t7.*x2.*3.851411774094997e-5+t8.*x1.*9.361086917910072e-1+t6.*x4.*9.120326537952362e-4-t7.*x3.*5.569519694046688e-7-t8.*x2.*2.419017463265861e-1-t9.*x1.*2.149399755507055e-1+t7.*x4.*2.251723833847813e-6-t8.*x3.*7.608118018495401e-2+t9.*x2.*8.117457533395672e-1-t10.*x1.*2.569168924337829e-3-t8.*x4.*2.101688870454973e-1-t9.*x3.*3.906252200097213e-1+t10.*x2.*3.725183936011248e-3+t11.*x1.*3.11579346269767e-4-t9.*x4.*7.145018211146739e-1+t10.*x3.*9.086571369524738e-5-t11.*x2.*3.638735053066668e-4+t10.*x4.*2.593268939676351e-4+t11.*x3.*3.282840325708416e-4-t11.*x4.*4.557080457613648e-5+u1.*x1.*1.078503271427593e-3-u1.*x2.*1.380699522183409e-3-u1.*x3.*4.881242906323279e-4+u1.*x4.*1.920904030892867e-4+x1.*x2.*4.266307244729479e-2+x1.*x3.*7.116556759631413e-4+x1.*x4.*3.963893600913472e-3-x2.*x3.*4.583829157723459e-3+x2.*x4.*1.226796739181661e-3-x3.*x4.*2.252714999007976e-4-t2.*t3.*u1.*2.63272590016185e-4+t2.*t4.*u1.*3.370814979451867e-4-t2.*t5.*u1.*7.387374502060699e-5+t3.*t4.*u1.*1.959059894926234e-1+t2.*t6.*u1.*1.645642809596094e-5-t3.*t5.*u1.*3.029084986497572e-3+t3.*t6.*u1.*6.877334481611218e-3+t4.*t5.*u1.*2.514839032624753e-2-t4.*t6.*u1.*1.952740590937181e-4+t5.*t6.*u1.*8.340214608076446e-4-t2.*t3.*x1.*1.009270631368119e-2+t2.*t3.*x2.*1.345596268991514e-2-t2.*t4.*x1.*1.379937172416422e-2+t2.*t3.*x3.*2.653783473371101e-3+t2.*t4.*x2.*6.131667602417637e-3+t2.*t5.*x1.*8.924477203665722e-4-t3.*t4.*x1.*5.425430903974831e-1+t2.*t3.*x4.*3.993086866057646e-3-t2.*t4.*x3.*5.685438801840645e-3+t2.*t5.*x2.*7.570030667658768e-4-t2.*t6.*x1.*1.382512562162351e-3-t3.*t4.*x2.*7.834562680117994e-1-t3.*t5.*x1.*1.96098524241429e-2-t2.*t4.*x4.*2.507865408765864e-4+t2.*t5.*x3.*3.354839389976233e-4+t2.*t6.*x2.*7.547330850599281e-4-t3.*t4.*x3.*1.57855355128723-t3.*t5.*x2.*3.701201886780493e-2+t3.*t6.*x1.*1.368460853637099e-1+t4.*t5.*x1.*4.824065921146808e-2+t2.*t5.*x4.*1.408852367443219e-4-t2.*t6.*x3.*6.899474222345298e-5-t3.*t4.*x4.*1.813102397115454+t3.*t5.*x3.*2.42330986608173e-2-t3.*t6.*x2.*1.875706105337893e-1-t4.*t5.*x2.*1.042792751250202e-2+t4.*t6.*x1.*1.016768734136922e-1+t2.*t6.*x4.*2.0154871614747e-5+t3.*t5.*x4.*3.703281046579677e-2-t3.*t6.*x3.*5.679869956101332e-3-t4.*t5.*x3.*1.942354278448355e-2-t4.*t6.*x2.*1.774928208402803e-2-t5.*t6.*x1.*6.579813241945199e-3-t3.*t6.*x4.*6.778014315778803e-4-t4.*t5.*x4.*9.86631880093582e-3+t4.*t6.*x3.*1.83551872875608e-2+t5.*t6.*x2.*6.035981214599583e-4-t4.*t6.*x4.*2.851930033383371e-3-t5.*t6.*x3.*3.324245501390526e-4-t5.*t6.*x4.*7.377730765955721e-4-t2.*u1.*x1.*8.627645319520172e-5+t2.*u1.*x2.*5.636625115195024e-5+t3.*u1.*x1.*2.217426315495327e-2+t2.*u1.*x3.*2.704101901632503e-5-t3.*u1.*x2.*2.845012364310861e-2+t4.*u1.*x1.*1.238065652658296e-2-t2.*u1.*x4.*8.990749946800004e-6-t3.*u1.*x3.*7.767975682871913e-3-t4.*u1.*x2.*2.636773134549887e-3+t5.*u1.*x1.*2.275654007281526e-4-t3.*u1.*x4.*1.332648038395618e-2+t4.*u1.*x3.*1.105152223222512e-3-t5.*u1.*x2.*9.322855079998755e-4+t6.*u1.*x1.*9.218702779322285e-4-t4.*u1.*x4.*1.253856234804406e-3+t5.*u1.*x3.*1.207214895512693e-4-t6.*u1.*x2.*3.995176136202612e-4+t5.*u1.*x4.*1.506255790947828e-5+t6.*u1.*x3.*8.649391689155381e-5-t6.*u1.*x4.*2.396943364974433e-6-t2.*x1.*x2.*1.6912426186234e-3-t2.*x1.*x3.*4.298521326030644e-4-t3.*x1.*x2.*7.779560443360588e-2-t2.*x1.*x4.*6.082571052220386e-4+t2.*x2.*x3.*5.744244523615786e-4-t3.*x1.*x3.*1.432663072537347e-2-t4.*x1.*x2.*3.619334020653685e-2+t2.*x2.*x4.*1.511953130247543e-4+t3.*x1.*x4.*4.939975242808536e-2+t3.*x2.*x3.*2.50453322784584e-2-t4.*x1.*x3.*8.359330623656102e-3-t5.*x1.*x2.*9.336049246989161e-3+t2.*x3.*x4.*7.473189836643676e-5-t3.*x2.*x4.*4.875375189785374e-2+t4.*x1.*x4.*3.56992926802864e-2-t4.*x2.*x3.*3.595975587784328e-3-t5.*x1.*x3.*1.489009083790901e-3-t6.*x1.*x2.*9.267735251815853e-4+t3.*x3.*x4.*8.763960864580037e-3-t4.*x2.*x4.*1.262665099411335e-2-t5.*x1.*x4.*4.698957529082669e-3+t5.*x2.*x3.*2.128610235032944e-3-t6.*x1.*x3.*2.217368550768871e-3+t4.*x3.*x4.*1.580404108590072e-4+t5.*x2.*x4.*2.129999467424133e-3-t6.*x1.*x4.*7.982430256754361e-4+t6.*x2.*x3.*6.722733328235005e-4-t5.*x3.*x4.*1.376792760881057e-4+t6.*x2.*x4.*1.357074096973208e-4-t6.*x3.*x4.*1.244428557712666e-5+u1.*x1.*x2.*5.032370622709118e-2-u1.*x1.*x3.*2.681306208823833e-2-u1.*x1.*x4.*2.380343566178754e-3+u1.*x2.*x3.*1.286286348871191e-2-u1.*x2.*x4.*4.475108923080388e-4+u1.*x3.*x4.*2.644785685430345e-4+x1.*x2.*x3.*3.361393538218202e-2-x1.*x2.*x4.*2.94010125639632e-1+x1.*x3.*x4.*1.921264253444967e-2-x2.*x3.*x4.*1.51716037003741e-2-t2.*u1.*x1.*x2.*5.444216759495112e-4-t2.*u1.*x1.*x3.*3.204948103226131e-4-t3.*u1.*x1.*x2.*1.85180745796533e-1-t2.*u1.*x1.*x4.*1.449004110624531e-4+t2.*u1.*x2.*x3.*2.84548473319968e-5+t3.*u1.*x1.*x3.*4.219540316159618e-2-t4.*u1.*x1.*x2.*6.873364480961178e-2+t2.*u1.*x2.*x4.*1.069760286680287e-4-t3.*u1.*x1.*x4.*4.564002513435562e-3-t3.*u1.*x2.*x3.*1.293274285730116e-1+t4.*u1.*x1.*x3.*1.329184709351284e-1-t5.*u1.*x1.*x2.*2.2351846127471e-2-t2.*u1.*x3.*x4.*3.151548746342589e-5-t3.*u1.*x2.*x4.*1.555515284829515e-2+t4.*u1.*x1.*x4.*1.344176828456018e-2-t4.*u1.*x2.*x3.*2.454075604853283e-2+t5.*u1.*x1.*x3.*1.702444421162093e-3-t6.*u1.*x1.*x2.*1.189113131026954e-3-t3.*u1.*x3.*x4.*2.21653810136665e-2-t4.*u1.*x2.*x4.*8.066740759129956e-3+t5.*u1.*x1.*x4.*4.610905303461674e-3-t5.*u1.*x2.*x3.*4.873790516229812e-3+t6.*u1.*x1.*x3.*7.696107656754184e-3-t4.*u1.*x3.*x4.*4.565626919249667e-3-t5.*u1.*x2.*x4.*1.136465192247021e-3+t6.*u1.*x1.*x4.*5.316059987558431e-6-t6.*u1.*x2.*x3.*2.766023027316427e-3-t5.*u1.*x3.*x4.*3.39151033798304e-4-t6.*u1.*x2.*x4.*1.536817304508818e-4-t6.*u1.*x3.*x4.*8.571064092475758e-5+t2.*x1.*x2.*x3.*6.897410525486431e-3+t2.*x1.*x2.*x4.*4.06017583069755e-4+t3.*x1.*x2.*x3.*1.265203126062175-t2.*x1.*x3.*x4.*2.611326432689771e-4+t3.*x1.*x2.*x4.*1.754734220649117+t4.*x1.*x2.*x3.*7.47711986297144e-1-t2.*x2.*x3.*x4.*4.362748783977736e-4+t3.*x1.*x3.*x4.*2.076599769154148e-1+t4.*x1.*x2.*x4.*9.601475854842297e-1-t5.*x1.*x2.*x3.*2.068685012526389e-3-t3.*x2.*x3.*x4.*3.30467524507788e-1+t4.*x1.*x3.*x4.*1.324445082729936e-1-t5.*x1.*x2.*x4.*1.05000912640589e-2-t6.*x1.*x2.*x3.*1.681030203843607e-2-t4.*x2.