function vf2 = vf_koopman(in1,u1)
%VF_KOOPMAN
%    VF2 = VF_KOOPMAN(IN1,U1)

%    This function was generated by the Symbolic Math Toolbox version 7.2.
%    08-Sep-2018 22:02:05

x1 = in1(1,:);
x2 = in1(2,:);
x3 = in1(3,:);
x4 = in1(4,:);
x5 = in1(5,:);
x6 = in1(6,:);
t2 = u1.^2;
t3 = x2.^2;
t4 = x1.^2;
t5 = x3.^2;
t6 = x4.^2;
t7 = x5.^2;
t8 = x6.^2;
vf2 = [t2.*2.390866258206691e-5+t3.*5.284240218939465e-4+t4.*7.247641931565238e-4+t5.*2.457513385000116e-3-t6.*7.839374886601099e-4+t7.*2.579151967988915e-4-t8.*2.802580576121055e-4-u1.*1.023897532534874e-4+x1.*7.223837354094661e-4-x2.*1.644623979708338e-3+x3.*3.295805052415987e-3+x4.*1.13126450170551e-2-x5.*1.269656163140429e-3+x6.*1.320106817526302e-3-t2.*u1.*1.851810444831344e-6+t3.*u1.*3.386312372128825e-4+t4.*u1.*5.187617893997268e-5-t5.*u1.*4.683730089644752e-4+t6.*u1.*2.95518031340033e-4+t7.*u1.*6.632863318377022e-6+t8.*u1.*2.320100769901638e-4+t2.*x1.*2.493126343454519e-5-t2.*x2.*3.022400976106872e-5+t3.*x1.*1.133017459890696e-3+t2.*x3.*1.145115065394982e-5+t3.*x2.*8.279053331706191e-4+t4.*x1.*5.148381778815758e-4+t2.*x4.*6.109544797888683e-5+t3.*x3.*1.332672186165141e-3-t4.*x2.*4.347872336259966e-4+t5.*x1.*5.354155770664891e-3-t2.*x5.*3.794787968743833e-5-t3.*x4.*1.03034242755754e-3+t4.*x3.*2.736293137135834e-3-t5.*x2.*8.794254809394272e-3+t6.*x1.*5.50947738908648e-4-t2.*x6.*2.429773577430013e-5+t3.*x5.*9.158602382714364e-5-t4.*x4.*1.193128343034909e-3+t5.*x3.*3.042102567822313e-3-t6.*x2.*9.466869627638644e-4+t7.*x1.*3.059878873677844e-4-t3.*x6.*2.625309368431315e-3-t4.*x5.*5.813470847373472e-4-t5.*x4.*7.122070458062697e-3+t6.*x3.*4.186019192589046e-3+t7.*x2.*1.575503153557769e-4+t8.*x1.*1.156601060113425e-3-t4.*x6.*2.42239624698749e-3-t5.*x5.*3.292740792950615e-3-t6.*x4.*4.387068843685637e-4+t7.*x3.*3.996084488822757e-4-t8.*x2.*9.977145805427378e-4-t5.*x6.*1.370293489011317e-2-t6.*x5.*6.424974027532023e-4-t7.*x4.*5.645224829851662e-4+t8.*x3.*3.832838718360415e-3-t6.*x6.*6.658460437057302e-4+t7.*x5.*5.824962633257045e-5-t8.*x4.*1.375840589584086e-3-t7.*x6.*1.079294845289411e-3+t8.*x5.*1.012696610055298e-3-t8.*x6.*1.204945152235759e-3-u1.*x1.*1.437762054208828e-4+u1.*x2.*6.393705817163916e-4-u1.*x3.*8.225911449002966e-4-u1.*x4.*1.035364238727095e-3+u1.*x5.*4.291943775940521e-4-u1.*x6.*8.604010095563135e-4-x1.*x2.*1.042149416381756e-3+x1.*x3.*4.061433243726475e-3-x1.*x4.*1.133464617061594e-3-x2.*x3.*1.222573986134193e-3-x1.*x5.*1.991799233470658e-3-x2.*x4.*5.39734430914777e-4-x1.*x6.*2.504057640850232e-3+x2.*x5.*3.049014663597764e-4-x3.*x4.*9.24795586125067e-3+x2.*x6.*2.586408146058836e-3+x3.*x5.*5.389835358278581e-4-x3.*x6.*1.175933578256374e-2-x4.*x5.*2.812398808012518e-4-x4.*x6.*1.567740635258298e-3-x5.*x6.*3.565556112889033e-4+u1.*x1.*x2.*1.983998499243109e-4-u1.*x1.*x3.*8.080181910896162e-5-u1.*x1.*x4.*4.360076756834103e-4-u1.*x2.*x3.*5.773026867515563e-4+u1.*x1.*x5.*2.84452245900527e-4-u1.*x2.*x4.*5.290401869198948e-5-u1.*x1.*x6.*3.811468124468221e-4-u1.*x2.*x5.*2.944734179079563e-5-u1.*x3.*x4.*8.053422959667046e-5-u1.*x2.*x6.*1.288450660608639e-3-u1.*x3.*x5.*4.764999797374033e-4-u1.*x3.*x6.*9.010112712349718e-4-u1.*x4.*x5.*5.901760123623189e-5+u1.*x4.*x6.*7.035512453574905e-4-u1.*x5.*x6.*7.392261617949189e-5-x1.*x2.*x3.*3.297606338360916e-3-x1.*x2.*x4.*9.422533956606981e-4-x1.*x2.*x5.*1.683556420581523e-4-x1.*x3.*x4.*5.87088638322968e-3+x1.*x2.*x6.*1.211137724386566e-3-x1.*x3.*x5.*2.25093505984165e-4+x2.*x3.*x4.*2.613885145245796e-4-x1.*x3.*x6.*1.073305837962296e-2-x1.*x4.*x5.*2.583742534873535e-4-x2.*x3.*x5.*1.290848672537646e-3+x1.*x4.*x6.*1.262563595809125e-3-x2.*x3.*x6.*5.699911661657737e-3-x2.*x4.*x5.*3.146496850276126e-4-x1.*x5.*x6.*3.38411283589723e-4-x2.*x4.*x6.*1.138067750029535e-3-x3.*x4.*x5.*7.32438727066154e-4-x2.*x5.*x6.*4.987660416262636e-4+x3.*x4.*x6.*8.365626988736746e-3-x3.*x5.*x6.*1.13155820822339e-3+x4.*x5.*x6.*4.067074411842575e-4+2.739580514089903e-4;t2.*3.485513325115203e-5+t3.*4.984137235110983e-4-t4.*7.505268516848373e-4+t5.*2.913691600523775e-4+t6.*2.974541165482632e-4-t7.*1.893711702190483e-4+t8.*2.257871155434108e-5-u1.*8.56880067377968e-5-x1.*3.399357950667518e-4+x2.*7.017077947838699e-4-x3.*2.413657586717228e-3-x4.*3.026089102716191e-4+x5.*1.013787936680674e-2-x6.*2.323054495245417e-3-t2.*u1.*3.765133532497818e-6-t3.*u1.*1.82800634415e-4+t4.*u1.*1.032486285340961e-4+t5.*u1.*1.031479886217328e-4-t6.*u1.*2.98851432371033e-5+t7.*u1.*6.459963939795988e-5+t8.*u1.*2.804352003602658e-5+t2.*x1.*5.298509912326266e-6-t2.*x2.*9.990673144110533e-6+t3.*x1.*1.766956251613509e-5-t2.*x3.*8.519451952996775e-5-t3.*x2.*1.570507571942312e-4-t4.*x1.*2.20595598080933e-4+t2.*x4.*5.890385660725831e-6-t3.*x3.*7.35470857892053e-4-t4.*x2.*3.609315872403364e-4+t5.*x1.*5.315128367384357e-3+t2.*x5.*6.870666070334355e-5+t3.*x4.*8.262397162960381e-4+t4.*x3.*8.367392068183169e-4-t5.*x2.*4.012725454183737e-3-t6.*x1.*1.522285401468868e-4+t2.*x6.*3.630562801370399e-5+t3.*x5.*9.900919014632056e-5+t4.*x4.*1.280168645897101e-3+t5.*x3.*3.252283185709175e-3+t6.*x2.*6.531061115410888e-4-t7.*x1.*1.88929545312186e-4+t3.*x6.*2.30687945885538e-3+t4.*x5.*4.789691424699148e-4+t5.*x4.*6.200874799013146e-3-t6.*x3.*6.109098388640731e-4+t7.*x2.*4.168969972568358e-4-t8.*x1.*5.811448759001519e-4+t4.*x6.*1.904172889561718e-3+t5.*x5.*7.339172562398258e-3+t6.*x4.*1.908243061513215e-4-t7.*x3.*2.08882127765366e-6+t8.*x2.*7.583885869515975e-4+t5.*x6.*1.050043340988933e-2+t6.*x5.*2.98328784199948e-4+t7.*x4.*2.171794471063512e-4-t8.*x3.*3.669949282653406e-4+t6.*x6.*3.162566176817491e-4+t7.*x5.*2.23927174866658e-4+t8.*x4.*1.150202103439385e-3-t7.*x6.*2.808492511242217e-4-t8.*x5.*5.208796135691547e-4+t8.*x6.*1.192167150559305e-3+u1.*x1.*3.167432419599964e-5-u1.*x2.*1.725799469548991e-4+u1.*x3.*8.77435958770682e-4+u1.*x4.*1.157184623613175e-4-u1.*x5.*3.688883801029749e-4+u1.*x6.*4.135237123743889e-4+x1.*x2.*5.290307018093907e-4-x1.*x3.*2.863202043424265e-3+x1.*x4.*3.264606969412423e-4+x2.*x3.*1.508789314616923e-4+x1.*x5.*1.027850129270729e-3-x2.*x4.*1.133586952796983e-3-x1.*x6.*1.410166552230931e-3-x2.*x5.*8.954695304644637e-5+x3.*x4.*1.655186682702189e-3-x2.*x6.*2.70610962557191e-3-x3.*x5.*8.083625760783939e-4-x3.*x6.*1.744574597273912e-4+x4.*x5.*7.129889923688123e-6+x4.*x6.*1.723951393420218e-4-x5.*x6.*1.685122498657617e-4-u1.*x1.*x2.*2.13745404052757e-4+u1.*x1.*x3.*7.358001750278691e-4+u1.*x1.*x4.*4.169877505912629e-4-u1.*x2.*x3.*4.966953016965589e-4+u1.*x1.*x5.*5.196887636411241e-5+u1.*x2.*x4.*1.884760520144968e-4+u1.*x1.*x6.*8.320594479207727e-4+u1.*x2.*x5.*2.990666659897906e-4+u1.*x3.*x4.*3.931370072961363e-4+u1.*x2.*x6.*6.478790241759209e-4+u1.*x3.*x5.*1.157293200637972e-3+u1.*x3.*x6.*1.392803774057675e-3+u1.*x4.*x5.*6.763085438680588e-5-u1.*x4.*x6.*1.199534255506448e-4+u1.*x5.*x6.*2.310700579009363e-5-x1.*x2.*x3.*2.449705936915448e-3-x1.*x2.*x4.*3.799526798476567e-4+x1.*x2.*x5.*2.639661286420238e-4+x1.*x3.*x4.*6.673634062258947e-3-x1.*x2.*x6.*2.052153880415627e-3+x1.*x3.*x5.*3.64133484298411e-3-x2.*x3.*x4.*1.90166347689903e-3+x1.*x3.*x6.*9.968227145425217e-3+x1.*x4.*x5.*4.801316202004455e-4+x2.*x3.*x5.*3.900241811134454e-3-x1.*x4.*x6.*6.815337414114859e-4-x2.*x3.*x6.*1.062378117920076e-3+x2.*x4.*x5.*3.972849404244556e-4+x1.*x5.*x6.*6.380919871582786e-4+x2.*x4.*x6.*6.985257054713551e-4+x3.*x4.*x5.*2.342837505547347e-4-x2.*x5.*x6.*7.42320992640133e-5-x3.*x4.*x6.*1.949100113328445e-3+x3.*x5.*x6.*2.510943256964493e-4-x4.*x5.*x6.*5.174365763611226e-7+2.919253453977071e-5;