function vf2 = vf_koopman(in1,in2)
%VF_KOOPMAN
%    VF2 = VF_KOOPMAN(IN1,IN2)

%    This function was generated by the Symbolic Math Toolbox version 7.2.
%    17-Aug-2018 20:23:29

u1 = in2(1,:);
u2 = in2(2,:);
u3 = in2(3,:);
x1 = in1(1,:);
x2 = in1(2,:);
x3 = in1(3,:);
x4 = in1(4,:);
x5 = in1(5,:);
x6 = in1(6,:);
t2 = u1.^2;
t3 = u3.^2;
t4 = u2.^2;
t5 = x1.^2;
t6 = x2.^2;
t7 = x3.^2;
t8 = x4.^2;
t9 = x5.^2;
t10 = x6.^2;
vf2 = [t2.*(-6.624613840247076e-3-2.48457300512384e-3i)+t3.*(1.283068049005767e-3-1.204856125552878e-3i)+t4.*(-5.59468290036394e-4-5.624944654657804e-3i)+t5.*(-6.927576540701945+2.280982376435444i)+t6.*(-2.242055043841963-2.730356543529193e-1i)+t7.*(-8.565973282866501+1.550191671225676i)+t8.*(5.717518680447972e-1-3.43979291331646i)+t9.*(5.947571953619694+1.103182304356635i)+t10.*(-4.795760336653625-4.465072360232962i)+u1.*(9.268446872522039e-3+1.367711169640651e-3i)+u2.*(7.814591464791177e-3-1.467534973213144e-3i)+u3.*(-1.400723219617019e-3-4.036464194043244e-4i)+x1.*(-1.052995055130827e-1+3.266328541042423e-1i)+x2.*(2.952162461314189e-1-2.710528792073527e-1i)+x3.*(2.985581178994057e-1-1.325286672680948e-2i)+x4.*(9.735105525688533e-1+3.330623085868969e-1i)+x5.*(-2.00247658461139e-1-3.747829637447834e-1i)+x6.*(4.193601034198043e-1+5.807029183191315e-2i)+t2.*u1.*(9.428290582678093e-4+2.9686067083314e-4i)+t2.*u2.*(-3.813902593290951e-4-3.805493483603725e-4i)+t3.*u1.*(7.628813027749195e-4+1.609426431456353e-4i)+t2.*u3.*(-9.227727878588167e-4+4.010784435951636e-4i)+t3.*u2.*(2.983913740876858e-4-4.000317393965772e-4i)+t4.*u1.*(4.707788802556321e-4-3.501469948224154e-4i)+t3.*u3.*(-3.59037941204244e-4+1.124827202414881e-4i)+t4.*u2.*(-2.349275594971428e-4+7.83762261401978e-4i)+t5.*u1.*(1.791980380767455-3.117179166863012e-1i)+t4.*u3.*(9.035765454004049e-4-3.508344730993663e-4i)+t5.*u2.*(-1.555422174117194e-1-2.471843592740719e-1i)+t6.*u1.*(8.474998600960127e-1-6.589408337940306e-2i)+t5.*u3.*(2.07692596971798e-1-8.595512293803435e-2i)+t6.*u2.*(3.803099098754389e-2-3.748694260837423e-3i)+t7.*u1.*(1.631711124457443e-1+2.301186887887496e-2i)+t6.*u3.*(-8.476725501640489e-1+1.674334315657703e-1i)+t7.*u2.*(-1.038903914016887-2.151234256583701e-1i)+t8.*u1.*(2.126084670541682e-1+1.989967414255389e-1i)+t7.*u3.*(-9.895411925885463e-1+5.606389402268579e-1i)+t8.*u2.*(2.476795069122092e-1+4.689370427573374e-2i)+t9.*u1.*(4.709536080028961e-1+4.339771919206203e-2i)+t8.*u3.*(7.057481116302149e-1+7.447130553731187e-1i)+t9.*u2.*(-9.77898026864077e-1-4.972059548695914e-1i)+t10.*u1.*(-5.197151696769302e-1+6.842328131112334e-1i)+t9.*u3.*(-3.287640066416871e-1+7.294887505374067e-1i)+t10.*u2.*(1.233061651359926-4.971289107564836e-1i)+t10.*u3.*(-5.031931562732628e-1-7.26398399501782e-2i)+u1.*u2.*(5.975298542505032e-6+6.670528732428816e-3i)+u1.*u3.*(2.971738056051134e-3-2.334062656755784e-3i)+u2.*u3.*(-7.083463597351136e-3+7.540845200164136e-3i)+t2.*x1.*(5.934696794982764e-2+7.042246600823024e-3i)+t2.*x2.*(3.838916256548863e-2-1.186900339698692e-2i)+t3.*x1.*(2.559396974395601e-2+1.423090371310091e-2i)+t2.*x3.*(-2.384909144054574e-2+9.360292947170498e-3i)+t3.*x2.*(3.183853462766044e-2-5.038941220272704e-3i)+t4.*x1.*(1.48533146347371e-2-9.957697400518606e-3i)+t2.*x4.*(3.029801499047913e-2+3.632602205224286e-2i)+t3.*x3.*(2.482039802345707e-2-2.335182341576918e-2i)+t4.*x2.*(-1.371468874550239e-2+1.421670097668024e-2i)+t5.*x1.*(3.237878571703116-7.201859368462257e-1i)+t2.*x5.*(-4.444206681147173e-3-2.749637691093059e-2i)+t3.*x4.*(7.283058507134265e-3+1.159048413375575e-2i)+t4.*x3.*(-9.95842810082986e-3+4.097217796588462e-2i)+t5.*x2.*(2.523346196874137e1-2.608787780511079i)+t6.*x1.*(4.437329642645255e1+5.730453537302557i)+t2.*x6.*(1.015594277495891e-2+2.23525373569608e-2i)+t3.*x5.*(5.217333732775049e-2-2.079360944745775e-2i)+t4.*x4.*(1.767132791365515e-2-2.139026244745296e-2i)+t5.*x3.*(-3.228288085215721+6.064602948322081e-1i)+t6.*x2.*(1.587099060739708e1-3.214689326757044i)+t7.*x1.*(2.640400770560116e1+1.289221908567366i)+t3.*x6.*(2.478965111119847e-2+3.285036411862993e-2i)+t4.*x5.*(-3.304455788737809e-2+1.008863627748391e-2i)+t5.*x4.*(-9.059868025835035-1.568303121507183e1i)+t6.*x3.*(-3.614554549436067e1+1.401600372434473e1i)+t7.*x2.*(2.122161004552463+9.010209960073706i)+t8.*x1.*(-3.060399329425678-1.227469997979185e1i)+t4.*x6.*(3.388595672865549e-2+1.620079359711998e-2i)+t5.*x5.*(-2.678728840801626e1+4.721771413382013e1i)+t6.*x4.*(4.501575131788135e1-5.348306360001185e1i)+t7.*x3.*(-3.104335379191786e1+9.381464108947076i)+t8.*x2.*(-1.58081731704641e1-7.523644687990584i)+t9.*x1.*(6.803705324928681-7.05402083106419i)+t5.*x6.*(6.985959141038443e1-4.048764220656291e1i)+t6.*x5.*(-2.111263644343093e1+4.53275707132453i)+t7.*x4.*(5.356308750667343e1-2.923905791194131e1i)+t8.*x3.*(2.785927400260609+1.035406956998533e1i)+t9.*x2.*(-4.223172093709978e1-4.800626753099048e1i)+t10.*x1.*(-3.107575607157003e1+2.856481006277605e1i)+t6.*x6.*(-6.397621341097591e1+2.993757171701314e1i)+t7.*x5.*(-3.851406576009709+1.104749720249695e1i)+t8.*x4.*(-2.720399425300002+1.649800558634914e-1i)+t9.*x3.*(3.432303481069757e1+3.885012108487824e1i)+t10.*x2.*(3.870020489850734e1+1.590939923368141e1i)+t7.*x6.*(-3.366025418482745e1+4.432453824897683i)+t8.*x5.*(-6.481051218543618-3.875000862270106e-1i)+t9.*x4.*(1.033962546373199e1+9.977534803178267i)+t10.*x3.*(7.776320209763318-6.796207415108219e1i)+t8.*x6.*(1.777450463575055-6.080993743665442e-1i)+t9.*x5.*(-2.24380053186272e-1-8.418710102290355i)+t10.*x4.*(3.199794623069252-2.306224346018378i)+t9.*x6.*(-1.433314363234928+1.375844202191316i)+t10.*x5.*(6.383935922252141+8.858093949073496i)+t10.*x6.*(-4.303070130586366-3.983262648666945i)+u1.*x1.*(-1.920934923726136e-1-1.020345826701315e-1i)+u1.*x2.*(-1.479796360304699e-1+1.945790993167162e-1i)+u2.*x1.*(1.183627902092412e-1+4.959384182686572e-2i)+u1.*x3.*(5.200948178592698e-3-4.355464411342862e-2i)+u2.*x2.*(4.306582733121095e-2-1.233200972318345e-2i)+u3.*x1.*(2.095294786907454e-1-2.448454827000901e-1i)+u1.*x4.*(-8.683755014259331e-2-3.549111538846591e-1i)+u2.*x3.*(-1.774411348393993e-1-2.227506394430103e-1i)+u3.*x2.*(-1.178742748292142e-1+1.765748370447425e-1i)+u1.*x5.*(6.284709887893389e-2+1.066165711622422e-1i)+u2.*x4.*(1.003627878809884e-1+1.617065653339421e-1i)+u3.*x3.*(-5.427791836253564e-1+4.010331330684551e-1i)+u1.*x6.*(6.259210451500889e-2-2.642911327375343e-1i)+u2.*x5.*(2.476651395961168e-1-7.600480810368618e-2i)+u3.*x4.*(9.583893523128681e-3-1.6308002202803e-1i)+u2.*x6.*(-2.445920946852494e-1-4.456437107318763e-2i)+u3.*x5.*(-3.953694078101163e-1+2.023220852919487e-1i)+u3.*x6.*(-5.311806324377469e-1+1.215373974042912e-1i)+x1.*x2.*(-2.914736060006184+1.374944161259101i)+x1.*x3.*(1.352185079000853e1-3.567545168910336i)+x1.*x4.*(-6.977684280142901-1.902057111998623i)+x2.*x3.*(9.528722110914009-2.38221317493128i)+x1.*x5.*(4.207922697303583+1.51788539365656i)+x2.*x4.*(5.465034958013545+3.644533177848282i)+x1.*x6.*(1.410551010733402e1-1.306351148633382e1i)+x2.*x5.*(1.06766939757866e1-5.476100924112068i)+x3.*x4.*(-7.183793570667786-1.203392543849923e1i)+x2.*x6.*(1.367108457399494e1+8.134518860597003i)+x3.*x5.*(-3.662744965259002-1.269718401772154e1i)+x3.*x6.*(-2.049219132023955e1+1.012491466944206e1i)+x4.*x5.*(-1.290427390364809+2.390940804751537i)+x4.*x6.*(3.470554881637019e-1-7.893085367046383i)+x5.*x6.*(3.668280204777119+6.132941115191752i)+u1.*u2.*u3.*(-6.16705083038543e-4-5.982308431633756e-4i)+u1.*u2.*x1.*(-2.567123102777495e-2-3.094206637104663e-3i)+u1.*u2.*x2.*(6.096449119751107e-3-8.123679349503142e-3i)+u1.*u3.*x1.*(-4.098097962082712e-2+2.977455304102248e-2i)+u1.*u2.*x3.*(1.06267673298438e-2-2.185845275882858e-3i)+u1.*u3.*x2.*(-6.043293271115038e-2-2.367131926829247e-2i)+u2.*u3.*x1.*(-6.937723108017223e-2+1.668177605416062e-3i)+u1.*u2.*x4.*(2.145686865361503e-3+6.809925086795343e-4i)+u1.*u3.*x3.*(3.015904294442993e-2-1.19412836106778e-2i)+u2.*u3.*x2.*(9.719051069884769e-3-4.600740130492054e-3i)+u1.*u2.*x5.*(1.526509176872359e-2+3.85372969520438e-2i)+u1.*u3.*x4.*(2.859638501209969e-2+5.510511812469