function vf2 = vf_koopman(in1,in2)
%VF_KOOPMAN
%    VF2 = VF_KOOPMAN(IN1,IN2)

%    This function was generated by the Symbolic Math Toolbox version 7.2.
%    23-Aug-2018 16:04:31

u1 = in2(1,:);
u2 = in2(2,:);
u3 = in2(3,:);
x1 = in1(1,:);
x2 = in1(2,:);
x3 = in1(3,:);
x4 = in1(4,:);
x5 = in1(5,:);
x6 = in1(6,:);
t2 = u1.^2;
t3 = u3.^2;
t4 = u2.^2;
t5 = x1.^2;
t6 = x2.^2;
t7 = x3.^2;
t8 = x4.^2;
t9 = x5.^2;
t10 = x6.^2;
vf2 = [t2.*(-8.946299508100604e-7)+t3.*1.032815400260657e-4-t4.*4.532338448510319e-5+t5.*5.626741511103869e-4+t6.*9.193251798007682e-2+t7.*1.906644471235953e-1-t8.*3.554191962252192e-1+t9.*3.082044509469916e-1-t10.*7.049339613348988e-1+u1.*3.327830141860608e-5+u2.*1.18034971877629e-4-u3.*2.180112170636951e-4+x1.*8.369255298953809e-3+x2.*3.279390994894457e-3+x3.*8.60872079844641e-3+x4.*1.030168145493897+x5.*3.124670900623189e-2+x6.*3.804938904141156e-3+t2.*u1.*4.166724641763344e-6-t2.*u2.*7.45064979207102e-6+t3.*u1.*2.556708419324786e-8-t2.*u3.*2.361803660088907e-6-t3.*u2.*2.571090615891904e-6+t4.*u1.*3.208535646326809e-6-t3.*u3.*6.576208565173581e-6-t4.*u2.*4.781486513510896e-6+t5.*u1.*9.311200578919088e-3+t4.*u3.*1.067196933783754e-5-t5.*u2.*6.171316852647485e-3+t6.*u1.*3.012336654463371e-3+t5.*u3.*5.109150559113446e-3-t6.*u2.*1.316720619705752e-2+t7.*u1.*3.32814154538582e-2-t6.*u3.*7.753358829404246e-3-t7.*u2.*1.011254958191513e-2+t8.*u1.*1.486072213467408e-1-t7.*u3.*1.507150905925377e-2+t8.*u2.*3.619478869082631e-2+t9.*u1.*5.625524707280965e-3-t8.*u3.*3.130623223229146e-2-t9.*u2.*6.110767085558112e-2-t10.*u1.*1.813900711909678e-1-t9.*u3.*8.636883580468284e-2+t10.*u2.*2.337497180504353e-1+t10.*u3.*6.220410383004859e-2+u1.*u2.*5.35567359087499e-5+u1.*u3.*1.660566908896497e-7-u2.*u3.*7.317239712877166e-5+t2.*x1.*6.996988610628558e-4+t2.*x2.*3.899668356489296e-4-t3.*x1.*1.010308215569876e-4+t2.*x3.*2.291180994493494e-4+t3.*x2.*3.262605044083938e-4+t4.*x1.*4.745579486675602e-4+t2.*x4.*1.366513806420338e-3-t3.*x3.*2.254315026003204e-4-t4.*x2.*3.72179785710564e-4-t5.*x1.*3.125444448631781e-1+t2.*x5.*1.280524694498648e-4-t3.*x4.*9.20625013163971e-4-t4.*x3.*5.123880134109204e-4-t5.*x2.*2.76192238356048e-1-t6.*x1.*3.516621375038675e-1+t2.*x6.*2.241480797853119e-4+t3.*x5.*1.388516819185215e-3-t4.*x4.*4.882286453185437e-4+t5.*x3.*9.71518363694722e-1+t6.*x2.*2.854352090754838e-3+t7.*x1.*2.270474585372517e-1+t3.*x6.*2.912988849864502e-4-t4.*x5.*1.160978482866206e-3-t5.*x4.*5.738692838985641+t6.*x3.*7.227239260667183e-2+t7.*x2.*1.46190538225933-t8.*x1.*9.563887450499188-t4.*x6.*1.560791761546974e-3-t5.*x5.*8.358006455191325e-1-t6.*x4.*1.812744652588811+t7.*x3.*2.236354015282236e-1+t8.*x2.*6.892392532277214e-1+t9.*x1.*3.159420461820878e-1-t5.*x6.*2.288491786813952+t6.*x5.*1.530390221318604+t7.*x4.*3.16464042190686e-1+t8.*x3.*1.128544165463304e1+t9.*x2.*7.73466702783645e-1-t10.*x1.*9.801062173863681+t6.*x6.*1.850046495469786+t7.*x5.*5.493671987342854+t8.*x4.*7.881292292183499-t9.*x3.*1.23696979233904e1-t10.*x2.*5.270270287773162-t7.*x6.*8.685157571811104+t8.*x5.*2.340599521414529+t9.*x4.*8.284004449686892-t10.*x3.*5.277038752765368-t8.*x6.*4.806200096404389+t9.*x5.*8.685539486682886e-1+t10.*x4.*1.661190806909759e1+t9.*x6.*1.953006380667476+t10.*x5.*3.806918218003359+t10.*x6.*1.180430939108303e1-u1.*x1.*5.75031287729819e-3-u1.*x2.*2.625330344921126e-3-u2.*x1.*6.164882944616455e-4-u1.*x3.*1.816502131008207e-3+u2.*x2.*5.219890372469909e-3+u3.*x1.*3.397337942124561e-3-u1.*x4.*1.231023120688862e-2+u2.*x3.*2.843349943753008e-3-u3.*x2.*3.354512453261046e-3-u1.*x5.*7.657122515091153e-3+u2.*x4.*3.639414076718871e-3+u3.*x3.*1.636410489881061e-3-u1.*x6.*2.527226877621555e-2+u2.*x5.*7.24879656855852e-3+u3.*x4.*8.340887552772965e-3+u2.*x6.*1.259500980804092e-2-u3.*x5.*1.264997324268873e-2+u3.*x6.*1.082178172694525e-2-x1.*x2.*1.842014727720349e-1-x1.*x3.*3.462453172897716e-1-x1.*x4.*3.036358647764438e-1+x2.*x3.*1.437724242242087e-1-x1.*x5.*6.347092382131871e-1-x2.*x4.*6.613137822394053e-1-x1.*x6.*1.714945802643538+x2.*x5.*9.433145481297066e-2-x3.*x4.*4.776900662015178e-1+x2.*x6.*3.497736442469362e-1-x3.*x5.*1.67102823411541e-1-x3.*x6.*3.225934900410588e-1-x4.*x5.*2.503059853892835e-1-x4.*x6.*3.213729566616625-x5.*x6.*9.866499457967045e-3+u1.*u2.*u3.*1.210912657022199e-6-u1.*u2.*x1.*2.950024648184969e-4-u1.*u2.*x2.*3.386682775565363e-4-u1.*u3.*x1.*9.156365424183893e-5+u1.*u2.*x3.*1.763888876395181e-4+u1.*u3.*x2.*4.968287190765639e-5-u2.*u3.*x1.*4.313625283734216e-4-u1.*u2.*x4.*4.818140446124573e-4-u1.*u3.*x3.*2.878175154146689e-4+u2.*u3.*x2.*3.061109991714625e-5+u1.*u2.*x5.*9.452378405662532e-4-u1.*u3.*x4.*5.487279776328123e-4+u2.*u3.*x3.*2.107137170095212e-4+u1.*u2.*x6.*1.462971613247408e-3-u1.*u3.*x5.*3.62419408815036e-5+u2.*u3.*x4.*3.090058425327136e-4-u1.*u3.*x6.*3.407290395731045e-4+u2.*u3.*x5.*3.300372976811366e-4-u2.*u3.*x6.*5.644046925957787e-4+u1.*x1.*x2.*1.219669315688157e-2+u1.*x1.*x3.*6.455675218656783e-3+u2.*x1.*x2.*1.388062715550023e-2+u1.*x1.*x4.*2.825320607227182e-2-u1.*x2.*x3.*3.043934731195993e-3+u2.*x1.*x3.*1.479412998449654e-2+u3.*x1.*x2.*1.417674173874261e-2+u1.*x1.*x5.*3.220766683320264e-3+u1.*x2.*x4.*3.731192953338906e-2+u2.*x1.*x4.*4.684934147309968e-2-u2.*x2.*x3.*3.237310991070735e-3-u3.*x1.*x3.*2.254895097736399e-3-u1.*x1.*x6.*4.981115417266032e-2-u1.*x2.*x5.*2.508482090417404e-2-u1.*x3.*x4.*2.605164391921403e-2+u2.*x1.*x5.*6.844057293261746e-2-u2.*x2.*x4.*1.32256703399919e-3+u3.*x1.*x4.*7.479826585205414e-3+u3.*x2.*x3.*5.35547567053373e-3+u1.*x2.*x6.*1.639964584976094e-3-u1.*x3.*x5.*4.354333811851126e-2+u2.*x1.*x6.*1.021387606862123e-1-u2.*x2.*x5.*6.176580140635316e-3-u2.*x3.*x4.*7.821322120481702e-2+u3.*x1.*x5.*2.422459051686909e-2+u3.*x2.*x4.*7.418129937413057e-2-u1.*x3.*x6.*2.276674629863786e-1-u1.*x4.*x5.*2.256530967714624e-2+u2.*x2.*x6.*2.184173746757234e-3+u2.*x3.*x5.*5.917949253653804e-2+u3.*x1.*x6.*4.240409334549729e-2-u3.*x2.*x5.*2.518259469204719e-2-u3.*x3.*x4.*2.650330793760281e-2-u1.*x4.*x6.*1.276008281286569e-1+u2.*x3.*x6.*9.249163199897542e-2+u2.*x4.*x5.*3.417039880960759e-2-u3.*x2.*x6.*8.829389009965299e-2+u3.*x3.*x5.*1.045075647031684e-1-u1.*x5.*x6.*4.680630277775668e-2+u2.*x4.*x6.*1.532115046373305e-1+u3.*x3.*x6.*5.812268809639456e-2-u3.*x4.*x5.*3.564562249728263e-2+u2.*x5.*x6.*8.692096742523076e-2-u3.*x4.*x6.*1.760645099112986e-2-u3.*x5.*x6.*9.164934286038137e-2+x1.*x2.*x3.*2.602901462212303e-1+x1.*x2.*x4.*4.811568417051179e-1-x1.*x2.*x5.*3.676181095701063+x1.*x3.*x4.*2.325304608568158-x1.*x2.*x6.*7.501440436303081e-1-x1.*x3.*x5.*3.56402103077391-x2.*x3.*x4.*3.339889395664634-x1.*x3.*x6.*1.415335723555766e1-x1.*x4.*x5.*1.780615334243279-x2.*x3.*x5.*4.063459444978471-x1.*x4.*x6.*7.306525377629218-x2.*x3.*x6.*5.37080911535163-x2.*x4.*x5.*1.087259435096581e1-x1.*x5.*x6.*4.929684301312903+x2.*x4.*x6.*1.012896869055956-x3.*x4.*x5.*1.233624545338749e1+x2.*x5.*x6.*6.99701312410326-x3.*x4.*x6.*2.520270711101063e1+x3.*x5.*x6.*3.135531603834917e-1-x4.*x5.*x6.*4.145351943218248+1.090875068665369e-4;