function vf2 = vf_koopman(in1,in2)
%VF_KOOPMAN
%    VF2 = VF_KOOPMAN(IN1,IN2)

%    This function was generated by the Symbolic Math Toolbox version 7.2.
%    19-Aug-2018 15:57:16

u1 = in2(1,:);
u2 = in2(2,:);
u3 = in2(3,:);
x1 = in1(1,:);
x2 = in1(2,:);
x3 = in1(3,:);
x4 = in1(4,:);
x5 = in1(5,:);
x6 = in1(6,:);
vf2 = [u1.*(-1.079461069298281e-2+8.493790872601242e-4i)+u2.*(-7.887720221388374e-3+5.829717090559931e-4i)+u3.*(-6.624097740213991e-3+5.166714649927271e-4i)+x1.*(-1.804680953359668e-2+2.474752904311453e-3i)+x2.*(-3.56540378778171e-3+2.595639348089776e-4i)+x3.*(-6.874327692972495e-1+5.32525214345848e-2i)+x4.*(7.42781881369498e-1+2.297388402619591e-2i)+x5.*(-1.483604346974926e-1+1.139372217618452e-2i)+x6.*(-4.433293319882628+3.41178508494808e-1i)+4.173407311904746e-2-3.206883155911556e-3i;u1.*(4.215327359637643e-4-2.300768140015111e-5i)+u2.*(2.3885194536765e-4-1.579133221955202e-5i)+u3.*(-1.928159301248504e-4-1.399541457212587e-5i)+x1.*(3.828810851684919e-4-6.703523458531993e-5i)+x2.*(1.416215509252561e-2-7.030976397603278e-6i)+x3.*(1.398794815096269e-2-1.442485534785083e-3i)+x4.*(5.520129950979044e-3-6.223084746567048e-4i)+x5.*(1.043838382553694-3.086291312361534e-4i)+x6.*(8.484265237983377e-2-9.241723209066632e-3i)+-7.702725628242215e-4+8.686692084300179e-5i;u1.*(-2.552662474992216e-1+1.97862307319762e-2i)+u2.*(-1.752228348717406e-1+1.358028814060478e-2i)+u3.*(-1.552492393089523e-1+1.203582825655758e-2i)+x1.*(-7.402459655163616e-1+5.764920834969798e-2i)+x2.*(-7.562899079347443e-2+6.046525021458819e-3i)+x3.*(-1.593930078612937e1+1.240514031918379i)+x4.*(-6.913444943435408+5.351751378978429e-1i)+x5.*(-3.429644989023323+2.654160188958931e-1i)+x6.*(-1.016842118870903e2+7.947731220514984i)+9.658406094015812e-1-7.470413506180665e-2i;u1.*(-1.349646196462422e-1+1.006027624450148e-2i)+u2.*(-7.883848967018095e-2+6.904875012582345e-3i)+u3.*(-8.077060564210223e-2+6.119596942567953e-3i)+x1.*(-8.366535578555325e-1+2.931164450324077e-2i)+x2.*(-2.29664205014357e-2+3.074345632534618e-3i)+x3.*(-8.042769825703923+6.307373049132915e-1i)+x4.*(-3.900177878756343+2.721089124741916e-1i)+x5.*(-1.724612260165438+1.34950335209288e-1i)+x6.*(-5.168186074561967e1+4.041010775549757i)+4.862644880189928e-1-3.798319374259419e-2i;u1.*(-6.986918332466828e-2+5.008949015857272e-3i)+u2.*(-4.68698423967001e-2+3.437894353825034e-3i)+u3.*(-2.971993863951149e-2+3.046909283397902e-3i)+x1.*(-1.77705381055177e-1+1.459408562144734e-2i)+x2.*(-4.855978420887524e-1+1.530697582872512e-3i)+x3.*(-4.001295619573798+3.140401839797048e-1i)+x4.*(-1.724024502996298+1.354813363190236e-1i)+x5.*(-1.282815720474857+6.719093316206132e-2i)+x6.*(-2.573432018812866e1+2.011994149596198i)+2.425800252634472e-1-1.891159609260918e-2i;u1.*(-1.950028756982507+1.524681744005851e-1i)+u2.*(-1.339361418932575+1.046465983683151e-1i)+u3.*(-1.186708835598266+9.274534329121453e-2i)+x1.*(-5.653258875757722+4.442316311672533e-1i)+x2.*(-5.820231756216155e-1+4.659314065308135e-2i)+x3.*(-1.223096013349075e2+9.559117768663244i)+x4.*(-5.273890910463096e1+4.123937366605032i)+x5.*(-2.615218113188588e1+2.045235214624743i)+x6.*(-7.836675790289008e2+6.124340134476056e1i)+7.364399903419359-5.756530006819951e-1i];
