function vf2 = vf_koopman(in1,u1)
%VF_KOOPMAN
%    VF2 = VF_KOOPMAN(IN1,U1)

%    This function was generated by the Symbolic Math Toolbox version 7.2.
%    11-Sep-2018 18:45:30

x1 = in1(1,:);
x2 = in1(2,:);
x3 = in1(3,:);
x4 = in1(4,:);
x5 = in1(5,:);
x6 = in1(6,:);
vf2 = [u1.*(-7.150629041615599e-3)-x1.*1.203232703692586e-3-x2.*2.99752888124973e-3-x3.*1.625326748580734e-3+x4.*1.215148209303998+x5.*1.583111816480972e-3+x6.*7.307166657741958e-2+1.881613572948141e-4;u1.*5.77339255606786e-2+x1.*6.675371375782882e-3+x2.*7.135874067009324e-3+x3.*4.547023660517011e-2-x4.*9.827402814047908e-3+x5.*8.953834476738664e-1-x6.*2.678877757647002e-2-1.388992394445802e-3;u1.*(-3.989340742327806e-2)-x1.*3.495489024953463e-3-x2.*5.639428358920893e-3-x3.*3.02536727785385e-2-x4.*2.815080421126219e-2+x5.*1.306969849691643e-2+x6.*4.378996576512744e-1+9.900901527495789e-4;u1.*(-4.163698043642788e-1)-x1.*1.088469298316538+x2.*4.347999859047869e-3-x3.*1.338405923533543-x4.*6.30155605445868e-2-x5.*6.176145448804224e-2-x6.*3.090520377213849e-2-3.707477924178414e-2;u1.*(-1.512667221607883)+x1.*2.626630292168237e-2-x2.*1.126119429553702-x3.*3.897945728707833e-1+x4.*3.85448700329587e-2-x5.*4.126369924623448e-2-x6.*1.079697271654278e-1+2.948904884171354e-2;u1.*(-2.033594435924272e-1)+x1.*8.192196307657587e-2+x2.*2.218700398161974e-3-x3.*5.487929549924467e-1+x4.*3.990654795680797e-2+x5.*1.555468542875006e-2-x6.*1.218795020627543e-2-1.228394857540055e-3];
