function vf2 = vf_koopman(in1,u1)
%VF_KOOPMAN
%    VF2 = VF_KOOPMAN(IN1,U1)

%    This function was generated by the Symbolic Math Toolbox version 7.2.
%    11-Aug-2018 18:37:25

x1 = in1(1,:);
x2 = in1(2,:);
x3 = in1(3,:);
x4 = in1(4,:);
t2 = u1.^2;
t3 = x1.^2;
t4 = x2.^2;
t5 = x3.^2;
t6 = x4.^2;
t7 = t2.^2;
t8 = t4.^2;
t9 = t3.^2;
t10 = t5.^2;
t11 = t6.^2;
vf2 = [t2.*(-1.603239668489846e-4)-t3.*5.709516011386735e-2-t4.*2.829531174508995e-2-t5.*8.631873347474705e-3+t6.*1.631299682125789e-3+t7.*1.255773851479823e-5+t8.*1.158736199652323+t9.*2.266240646146259+t10.*1.458796924122418e-3-t11.*3.675522010878082e-4-u1.*1.467639280153003e-3-x1.*3.29456759062055+x2.*2.348209540335628+x3.*9.285493270732694e-1+x4.*1.272491657558811e-2-t2.*t3.*1.505382610630889e-2-t2.*t4.*1.426107861354396e-2+t2.*t5.*1.200425399206594e-3+t3.*t4.*1.046979171402505e1+t2.*t6.*4.172940832358298e-5+t3.*t5.*7.015229144621898e-2+t3.*t6.*1.723522298778206e-1-t4.*t5.*5.894745879133445e-3+t4.*t6.*5.963994777758754e-2+t5.*t6.*3.283183909280099e-3-t2.*u1.*1.405885652529287e-3-t3.*u1.*1.478312762993358e-1-t4.*u1.*5.161505190010313e-2-t5.*u1.*1.415972954573193e-2+t6.*u1.*2.306593526663973e-3+t7.*u1.*8.895283639262127e-5-t8.*u1.*9.700962777578644e-2+t9.*u1.*2.653678718971892e-1+t10.*u1.*4.210653865770053e-3-t11.*u1.*2.728029099834228e-4+t2.*x1.*1.900782227009244e-1-t2.*x2.*1.3029363678552e-1+t3.*x1.*1.391056018896818e1+t2.*x3.*7.599597352778708e-3-t3.*x2.*2.94847090943449e1+t4.*x1.*2.399165913051993e1-t2.*x4.*1.723598525842242e-3+t3.*x3.*1.34554246715558-t4.*x2.*7.053255332260603+t5.*x1.*5.434926623695925e-1+t3.*x4.*5.898808609740046e-1+t4.*x3.*1.964333985016352e-1-t5.*x2.*3.107195688849783e-1+t6.*x1.*5.17301294182441e-1-t4.*x4.*2.596749569038448e-1+t5.*x3.*1.686384928351281e-2-t6.*x2.*3.982458787595928e-1-t7.*x1.*2.797724897560445e-3+t5.*x4.*5.123865169295943e-2-t6.*x3.*3.235144841954786e-2+t7.*x2.*1.791092003240597e-3-t8.*x1.*1.110972081869749e1+t6.*x4.*2.936624213244293e-4-t7.*x3.*4.347280919839847e-5+t8.*x2.*3.218850702129513+t9.*x1.*2.986826719110684-t7.*x4.*2.000719535215369e-5+t8.*x3.*1.145085961373322e-1-t9.*x2.*1.077913720102076e1-t10.*x1.*2.874711679450604e-3+t8.*x4.*2.546686091245852e-1-t9.*x3.*2.151667200549182-t10.*x2.*2.803597733860574e-3-t11.*x1.*1.452650249251563e-2-t9.*x4.*1.486625056867623-t10.*x3.*1.887473751298844e-3+t11.*x2.*1.159239792738968e-2+t10.*x4.*5.451156450341821e-3+t11.*x3.*2.766251335034472e-3-t11.*x4.*2.022658700257324e-4-u1.*x1.*1.730121744853244e-2+u1.*x2.*9.352166322973714e-3+u1.*x3.*1.335614557866705e-3+u1.*x4.*9.973176655779367e-4+x1.*x2.*8.341618224619642e-2+x1.*x3.*6.8335593735219e-2+x1.*x4.*1.100201938391667e-1-x2.*x3.*6.849403726237578e-2-x2.*x4.*5.718550535116373e-2+x3.*x4.*6.452159629852844e-3+t2.*t3.*u1.*1.278728655677403e-2+t2.*t4.*u1.*5.543840093771763e-3-t2.*t5.*u1.*2.762976049524007e-4+t3.*t4.*u1.*1.026715961935153+t2.*t6.*u1.*8.143627122136527e-6+t3.*t5.*u1.*2.825052222499556e-1+t3.*t6.*u1.*1.081325738995023e-1+t4.*t5.*u1.*1.927220728783406e-1+t4.*t6.*u1.*1.123540154162424e-2+t5.*t6.*u1.*1.325099829901271e-2-t2.*t3.*x1.*5.379933029641998e-1+t2.*t3.*x2.*1.11379818401237-t2.*t4.*x1.*8.346376771722549e-1-t2.*t3.*x3.*1.293344304297417e-1+t2.*t4.*x2.*2.204371875238643e-1-t2.*t5.*x1.*2.011157838673522e-2+t3.*t4.*x1.*5.751021921027198+t2.*t3.*x4.*5.201981020887544e-2-t2.*t4.*x3.*4.824815571145879e-2+t2.*t5.*x2.*8.397102876901916e-3-t2.*t6.*x1.*1.051380247574168e-2+t3.*t4.*x2.*9.511695432498023+t3.*t5.*x1.*1.558636531220014+t2.*t4.*x4.*1.842489177510194e-2-t2.*t5.*x3.*1.470222558994596e-3+t2.*t6.*x2.*3.699496251131479e-3-t3.*t4.*x3.*3.252990847251369-t3.*t5.*x2.*4.723362240041806-t3.*t6.*x1.*6.010145952708682e-1+t4.*t5.*x1.*4.20877900803649+t2.*t5.*x4.*3.075987280838866e-3-t2.*t6.*x3.*1.883187900914831e-3-t3.*t4.*x4.*6.38083010252205-t3.*t5.*x3.*1.165597577201631e-1+t3.*t6.*x2.*9.169783488495449e-1-t4.*t5.*x2.*1.149777480852682-t4.*t6.*x1.*6.792917600332857e-1+t2.*t6.*x4.*2.71153085527468e-4+t3.*t5.*x4.*1.832409028002557e-1+t3.*t6.*x3.*1.933157014599593e-1-t4.*t5.*x3.*9.011356477823609e-2+t4.*t6.*x2.*2.458780917212177e-1-t5.*t6.*x1.*2.312669258015154e-2-t3.*t6.*x4.*1.692721699742299e-2-t4.*t5.*x4.*4.018803270824585e-3+t4.*t6.*x3.*9.042945587350834e-2-t5.*t6.*x2.*2.649027954623109e-2-t4.*t6.*x4.*3.641800443815063e-3-t5.*t6.*x3.*3.973107477833673e-3-t5.*t6.*x4.*3.987605622673871e-3-t2.*u1.*x1.*2.633297867414112e-4+t2.*u1.*x2.*3.162194414184323e-4+t3.*u1.*x1.*4.304682334965413e-1-t2.*u1.*x3.*2.595755391090845e-4-t3.*u1.*x2.*9.474846564351352e-1+t4.*u1.*x1.*7.21717104604672e-1+t2.*u1.*x4.*3.689238333928619e-5+t3.*u1.*x3.*3.771215235504705e-2-t4.*u1.*x2.*1.884562900295746e-1-t5.*u1.*x1.*9.684424411271405e-4+t3.*u1.*x4.*6.79914283269306e-2+t4.*u1.*x3.*4.793145651899181e-2+t5.*u1.*x2.*1.275580533213151e-3+t6.*u1.*x1.*7.178606865236999e-3-t4.*u1.*x4.*1.232104572388251e-2-t5.*u1.*x3.*2.11045262629647e-3-t6.*u1.*x2.*5.750238602224136e-3+t5.*u1.*x4.*2.122259732426548e-3-t6.*u1.*x3.*6.233245417352792e-4-t6.*u1.*x4.*4.856866125957445e-7+t2.*x1.*x2.*2.748699061183496e-2+t2.*x1.*x3.*5.291032457437741e-3-t3.*x1.*x2.*8.196420250186451-t2.*x1.*x4.*5.517330114554524e-3-t2.*x2.*x3.*4.482219239781662e-3-t3.*x1.*x3.*6.861563450884615e-1-t4.*x1.*x2.*5.700811617122018+t2.*x2.*x4.*4.793836657700667e-3+t3.*x1.*x4.*5.088471329046907e-1+t3.*x2.*x3.*1.638489272402171-t4.*x1.*x3.*1.299339900939921-t5.*x1.*x2.*4.667421992246837e-2-t2.*x3.*x4.*7.754506512016585e-4-t3.*x2.*x4.*1.174464050403585+t4.*x1.*x4.*8.334021607978239e-1+t4.*x2.*x3.*3.6909301497328e-1-t5.*x1.*x3.*2.006502305074766e-2-t6.*x1.*x2.*2.229261677278428e-1-t3.*x3.*x4.*4.72019940065001e-1-t4.*x2.*x4.*1.968307803280682e-1+t5.*x1.*x4.*4.420585153650841e-2+t5.*x2.*x3.*1.378995251921752e-2-t6.*x1.*x3.*1.040967187622625e-2-t4.*x3.*x4.*1.290026740859307e-1-t5.*x2.*x4.*3.802200070063541e-2-t6.*x1.*x4.*1.050807045634543e-2+t6.*x2.*x3.*3.199639471497664e-2-t5.*x3.*x4.*2.595868829665555e-3-t6.*x2.*x4.*2.044872207832114e-3-t6.*x3.*x4.*5.451452917233934e-4+u1.*x1.*x2.*1.995786324856411e-1-u1.*x1.*x3.*6.234919879775163e-2+u1.*x1.*x4.*2.797908417336462e-2+u1.*x2.*x3.*2.029703514867652e-2+u1.*x2.*x4.*3.38672909920274e-2-u1.*x3.*x4.*6.944758305018611e-4-x1.*x2.*x3.*1.152494611893472-x1.*x2.*x4.*5.179340589802608e-1-x1.*x3.*x4.*1.116608795890725+x2.*x3.*x4.*4.909864209052501e-1-t2.*u1.*x1.*x2.*1.497870451229828e-2+t2.*u1.*x1.*x3.*3.389662723820206e-3-t3.*u1.*x1.*x2.*9.888442629006573e-1-t2.*u1.*x1.*x4.*1.458493956379383e-3-t2.*u1.*x2.*x3.*1.211747345788616e-3-t3.*u1.*x1.*x3.*3.907531330324932e-1-t4.*u1.*x1.*x2.*2.06538206429056e-1+t2.*u1.*x2.*x4.*3.022037054997815e-4+t3.*u1.*x1.*x4.*5.816798631409428e-1+t3.*u1.*x2.*x3.*1.533506993229033-t4.*u1.*x1.*x3.*1.562700365389385-t5.*u1.*x1.*x2.*4.581696658332611e-1+t2.*u1.*x3.*x4.*3.925998092795125e-4-t3.*u1.*x2.*x4.*1.621485855973418+t4.*u1.*x1.*x4.*1.433329154086051+t4.*u1.*x2.*x3.*4.740975004131352e-1+t5.*u1.*x1.*x3.*5.578312057901703e-3-t6.*u1.*x1.*x2.*1.270168299242664e-1-t3.*u1.*x3.*x4.*4.373921018735473e-1-t4.*u1.*x2.*x4.*4.609668963624957e-1+t5.*u1.*x1.*x4.*8.942488514837105e-2-t5.*u1.*x2.*x3.*1.61128552486569e-3-t6.*u1.*x1.*x3.*5.403912211021663e-2-t4.*u1.*x3.*x4.*1.265481917149545e-1-t5.*u1.*x2.*x4.*5.961052362857818e-2+t6.*u1.*x1.*x4.*3.316497119885354e-3+t6.*u1.*x2.*x3.*5.085086726159887e-2-t5.*u1.*x3.*x4.*1.551970153800712e-2-t6.*u1.*x2.*x4.*1.308167061125263e-2-t6.*u1.*x3.*x4.*2.623561631734234e-3+t2.*x1.*x2.*x3.*1.521464525973053e-1-t2.*x1.*x2.*x4.*5.812858619317423e-2+t3.*x1.*x2.*x3.*4.45551544694078+t2.*x1.*x3.*x4.*1.70575230230891e-2+t3.*x1.*x2.*x4.*5.928239355884088+t4.*x1.*x2.*x3.*7.089808484838761e-1-t2.*x2.*x3.*x4.*6.448845994596553e-4+t3.*x1.*x3.*x4.*4.586140379027271e-1+t4.*x1.*x2.*x4.*1.890050759747102+t5.*x1.*x2.*x3.*1.914758629314714e-1-t3.*x2.*x3.*x4.*3.289360826967999e-1-t4.*x1.*x3.*x4.*4.372316394267027e-1-t5.*x1.*x2.*x4.*1.248681185249662e-1-t6.*x1.*x2.*x3.*2.019827009282051e-1+t4.*x2.*x3.*x4.*4.57157159155503e-1-t5.*x1.*x3.*x4.*5.637250570513268e-2+t6.*x1.*x2.*