function vf2 = vf_koopman(in1,in2)
%VF_KOOPMAN
%    VF2 = VF_KOOPMAN(IN1,IN2)

%    This function was generated by the Symbolic Math Toolbox version 7.2.
%    20-Aug-2018 17:00:12

u1 = in2(1,:);
u2 = in2(2,:);
u3 = in2(3,:);
x1 = in1(1,:);
x2 = in1(2,:);
x3 = in1(3,:);
x4 = in1(4,:);
x5 = in1(5,:);
x6 = in1(6,:);
t2 = u1.^2;
t3 = u2.^2;
t4 = u3.^2;
t5 = x1.^2;
t6 = x2.^2;
t7 = x3.^2;
t8 = x4.^2;
t9 = x5.^2;
t10 = x6.^2;
vf2 = [t2.*(-1.41613924666224e-5)-t3.*2.250262222428392e-5-t4.*1.350802694737337e-5-t5.*2.802983674836554e-2-t6.*3.370922773475867e-2+t7.*1.294811897830418e-1-t8.*1.342824925618675e-1-t9.*1.353566324948426e-1+t10.*1.010284469500605e-1+u1.*1.931194396860104e-3-u2.*1.077939438525581e-3-u3.*2.922866808098038e-4+x1.*5.843872645866199e-2+x2.*1.480960472122596e-2+x3.*5.836028637399329e-2+x4.*1.210765900844825+x5.*3.919896679819151e-2-x6.*1.187546586686189e-2-u1.*u2.*2.613772558443532e-5+u1.*u3.*1.72722363393419e-5-u2.*u3.*3.354838552744449e-5-u1.*x1.*1.349249912363308e-3-u1.*x2.*2.840752918182541e-3-u2.*x1.*5.736924759027167e-5+u1.*x3.*1.621647565216002e-2+u2.*x2.*1.53348906935575e-3+u3.*x1.*3.313306902033905e-4-u1.*x4.*6.001940208899318e-3-u2.*x3.*1.624272808289183e-2-u3.*x2.*1.527782826299613e-4-u1.*x5.*2.734309741176407e-3+u2.*x4.*2.027477591822954e-3-u3.*x3.*8.545245418568088e-3+u1.*x6.*3.083060211833299e-2-u2.*x5.*2.391528290322117e-3-u3.*x4.*5.117221237232351e-3-u2.*x6.*2.879543878322309e-2+u3.*x5.*3.471802779936066e-3-u3.*x6.*5.309070586609773e-3-x1.*x2.*3.500832956179519e-2+x1.*x3.*5.057815008322488e-1-x1.*x4.*6.557358288885469e-2+x2.*x3.*9.770324729351092e-2+x1.*x5.*1.558689231867511e-1+x2.*x4.*1.690595767144024e-1+x1.*x6.*1.302044238423415-x2.*x5.*2.535986653254311e-1+x3.*x4.*1.751362933683925e-1+x2.*x6.*1.873631661295173e-1+x3.*x5.*4.325539644693036e-1-x3.*x6.*2.121942444469187e-2+x4.*x5.*2.980482088994772e-1+x4.*x6.*3.369839521242008e-1-x5.*x6.*1.207388890614186e-1+4.221458277689197e-4;t2.*1.797647247056235e-7+t3.*2.577062545744234e-5-t4.*4.631740343720312e-5+t5.*2.121851736610043e-2+t6.*4.180491986903271e-3-t7.*1.467928212434013e-1-t8.*7.553429280305815e-2-t9.*2.973403491688483e-2+t10.*1.153734436597573e-1+u1.*6.747219103272589e-4+u2.*4.936405118521344e-4-u3.*1.477534666352696e-3+x1.*7.084951990889807e-3+x2.*4.396760466839331e-2-x3.*9.050231762159128e-4+x4.*2.111889887088658e-2+x5.*1.158373442141094+x6.*9.562608196510886e-3+u1.*u2.*2.333594261839076e-5+u1.*u3.*3.635857693195101e-5-u2.*u3.*2.450326254075698e-5-u1.*x1.*5.919184200940138e-4-u1.*x2.*5.190559911032622e-5-u2.*x1.*7.026190822383063e-4+u1.*x3.*1.136269324942474e-2+u2.*x2.*7.648011573524163e-4+u3.*x1.*1.073225073063304e-3-u1.*x4.*3.83006078745425e-3+u2.*x3.*5.601816463858108e-3+u3.*x2.*4.603577504030892e-4-u1.*x5.*1.412651503629556e-3+u2.*x4.*1.166541540638472e-3-u3.*x3.*1.963002368642822e-2+u1.*x6.*1.496405315703101e-2-u2.*x5.*8.262997188043419e-4+u3.*x4.*2.318363970270412e-3+u2.*x6.*1.436769512472699e-2+u3.*x5.*2.952709159590496e-3-u3.*x6.*3.386340404748651e-2-x1.*x2.*1.727448518869633e-2+x1.*x3.*9.610843960000705e-2+x1.*x4.*1.316996238873762e-2+x2.*x3.*5.047782146646965e-1+x1.*x5.*2.5952357100702e-2+x2.*x4.*3.417749982414371e-2+x1.*x6.*3.000651286956091e-1-x2.*x5.*1.551167398121234e-2+x3.*x4.*1.580906233739869e-1+x2.*x6.*1.312839479003863+x3.*x5.*3.413314720614366e-1-x3.*x6.*8.898515768544721e-2+x4.*x5.*5.577291631125322e-2+x4.*x6.*1.366406440850569e-3+x5.*x6.*2.696338298886506e-1+8.418399354150616e-4;t2.*1.811930359107695e-5+t3.*4.236599970918219e-5+t4.*3.262922828360587e-5-t5.*7.666600677286577e-3+t6.*1.867717679432611e-2+t7.*2.260796517239176e-1+t8.*2.885222188780977e-2+t9.*1.44484989990476e-1-t10.*1.617840014383293e-1+u1.*3.062181508806919e-4-u2.*1.613938250438614e-5+u3.*8.800416132541054e-5+x1.*8.432439027855532e-3-x2.*3.233700016434116e-3+x3.*4.338474292223014e-2+x4.*3.746040292453441e-3-x5.*7.595494673707458e-3+x6.*1.203411437627812-u1.*u2.*2.131043566280908e-5-u1.*u3.*4.480681461908597e-5-u2.*u3.*1.88860472754954e-5-u1.*x1.*2.545693624779509e-3-u1.*x2.*7.371823082736037e-4+u2.*x1.*1.163415034818336e-3+u1.*x3.*1.456547585753851e-4-u2.*x2.*4.930957808080121e-4-u3.*x1.*3.150959801481998e-4+u1.*x4.*1.559439864858391e-3+u2.*x3.*2.467531253390447e-3+u3.*x2.*1.762892112812138e-3+u1.*x5.*2.033430914622519e-3-u2.*x4.*2.447597767671333e-3+u3.*x3.*8.178788115551104e-4+u1.*x6.*3.288306710289135e-3+u2.*x5.*3.629861437043906e-3-u3.*x4.*4.216197903678887e-4+u2.*x6.*8.555855315987475e-3-u3.*x5.*5.701915370544083e-3-u3.*x6.*5.166160014249042e-3+x1.*x2.*6.716356063320504e-3-x1.*x3.*3.450673634993493e-3+x1.*x4.*1.96030701419453e-1+x2.*x3.*1.464809065206273e-2-x1.*x5.*3.798979010630853e-2-x2.*x4.*5.557002986695022e-2-x1.*x6.*1.938895420962305e-2+x2.*x5.*4.973913935936378e-1+x3.*x4.*4.008408773373727e-2+x2.*x6.*2.757595665946155e-1-x3.*x5.*4.826335662705881e-2+x3.*x6.*8.212246590248233e-1-x4.*x5.*5.403425270994475e-2-x4.*x6.*1.632846566906818e-2+x5.*x6.*2.637794445566903e-1-8.212523471183519e-4;t2.*1.021518973897673e-3+t3.*3.143119098445927e-4-t4.*7.544009474164254e-4+t5.*2.011956944177449+t6.*1.778923486390546-t7.*7.092456371220472+t8.*2.186075287177812+t9.*3.378948343804695-t10.*2.933741462316878e-1-u1.*2.949932938279473e-2+u2.*1.348788998514215e-2+u3.*1.091178624486291e-2-x1.*1.829499345422916-x2.*5.467333957835554e-1-x3.*1.944894314743229-x4.*2.29163689409625-x5.*6.293224621511168e-1+x6.*2.932497261115875e-1-u1.*u2.*9.809949268559879e-5+u1.*u3.*9.310130106527148e-5+u2.*u3.*1.115837983522013e-3+u1.*x1.*7.195322853396967e-2+u1.*x2.*5.462737573770516e-2+u2.*x1.*1.175612729348946e-2-u1.*x3.*1.203492393251631e-1-u2.*x2.*1.227962427858218e-3+u3.*x1.*2.700453500839676e-2-u1.*x4.*1.804285460963542e-2+u2.*x3.*2.359446805499324e-1+u3.*x2.*4.182334261795633e-3+u1.*x5.*7.905601009572998e-2-u2.*x4.*1.575011990598499e-1+u3.*x3.*1.883137619652596e-1-u1.*x6.*5.354668255987913e-1-u2.*x5.*4.987619901589357e-2+u3.*x4.*2.367212711010316e-1+u2.*x6.*5.770740969162291e-1-u3.*x5.*1.406442530003307e-2+u3.*x6.*3.877842326252152e-2-x1.*x2.*2.258961648073422e-2-x1.*x3.*9.999378404188679+x1.*x4.*3.833261301818204e-2-x2.*x3.*2.98455186466493-x1.*x5.*1.701271913390207-x2.*x4.*9.94489118464092-x1.*x6.*3.478940085575373e1+x2.*x5.*6.445146938621839-x3.*x4.*1.343034507394108e1-x2.*x6.*5.34909912100582-x3.*x5.*1.285669890504374e1+x3.*x6.*1.093459387766277e1-x4.*x5.*9.885563263181679-x4.*x6.*7.029985102347866+x5.*x6.*2.271566974289012-3.41186577659148e-2;t2.*6.808385231071994e-5-t3.*8.067147653552511e-4+t4.*4.803090780329959e-4+t5.*2.067025839148297e-1+t6.*8.21527356076775e-1-t7.*1.725600530638402+t8.*1.392276960082062-t9.*1.516417074825427e-1+t10.*2.237177958659535-u1.*1.107339429610446e-2-u2.*5.8934682938981e-3+u3.*1.789454555850659e-2-x1.*3.43430935183631e-1-x2.*9.614058072489379e-1-x3.*3.057483129445279e-1+x4.*1.50832251158406e-1-x5.*1.828295967003432-x6.*1.135538828984189+u1.*u2.*1.435777318401349e-4-u1.*u3.*4.085597489849546e-4+u2.*u3.*7.491069477579471e-4+u1.*x1.*1.270627677297045e-2-u1.*x2.*1.816664412557218e-2+u2.*x1.*2.174522883000926e-2-u1.*x3.*1.129262778926593e-1-u2.*x2.*1.020827511491781e-2-u3.*x1.*2.003442891924328e-2+u1.*x4.*4.426013849254357e-2-u2.*x3.*8.211512236519052e-2-u3.*x2.*1.057512154183284e-2-u1.*x5.*1.2093568734708e-1+u2.*x4.*8.764539279631031e-2+u3.*x3.*2.528100589321719e-1-u1.*x6.*3.584399978584709e-1+u2.*x5.*1.415951946042313e-1-u3.*x4.*1.532828664633715e-1-u2.*x6.*2.979906890456793e-1-u3.*x5.*1.576290555331807e-2+u3.*x6.*8.168179920963089e-1+x1.*x2.*1.269467383327154e-2-x1.*x3.*2.995614796090256+x1.*x4.*8.502119120068799e-2-x2.*x3.*1.077312574844893e1-x1.*x5.*6.034584368367715+x2.*x4.*1.748917464640294e-1-x1.*x6.*9.178621626436355-x2.*x5.*1.174712808201816+x3.*x4.*6.081975224586873-x2.*x6.*2.933583806922845e1-x3.*x5.*1.264486266673777e1-x3.*x6.*5.861813964682587-x4.*x5.*2.969273450115101-x4.*x6.*1.220277850103377-x5.*x6.*6.302889901366878-1.174736942592059e-2;