function vf2 = vf_koopman(in1,u1)
%VF_KOOPMAN
%    VF2 = VF_KOOPMAN(IN1,U1)

%    This function was generated by the Symbolic Math Toolbox version 7.2.
%    09-Sep-2018 19:50:43

x1 = in1(1,:);
x2 = in1(2,:);
x3 = in1(3,:);
t2 = u1.^2;
t3 = x1.^2;
t4 = x2.^2;
t5 = x3.^2;
vf2 = [t2.*(-6.534323541376978)+t3.*4.508795207415958e-2-t4.*8.747381501014322e-1+t5.*3.135739034251884+u1.*3.558107212053183e-1+x1.*9.689145132679393e-3+x2.*5.956357759707186e-1-x3.*1.256680862814701e-1-u1.*x1.*7.350565734802176e-1-u1.*x2.*1.725906215285154e1+u1.*x3.*9.865703038273282e-1-x1.*x2.*1.578360985798097e-1-x1.*x3.*4.271280446780828e-1-x2.*x3.*1.027913620115248e1-6.079466223044232e-3;t2.*3.150218228813977+t3.*3.933640034040714e-1+t4.*1.860018272285112e-1+t5.*4.70984482176375+u1.*1.061240123536108e-1-x1.*2.981138370571075e-1-x2.*2.006311763348872e-1+x3.*5.804282288128244e-2+u1.*x1.*9.641908971315159+u1.*x2.*5.316135498418594+u1.*x3.*7.049127232282743+x1.*x2.*4.227321938715348e-1+x1.*x3.*7.174325745489564+x2.*x3.*2.904409948189206-6.761258154755365e-3;t2.*(-3.684094112975381)+t3.*2.480391513704646e-2+t4.*2.146695200788182e-1-t5.*1.626558429634601+u1.*1.265107157387829e-1-x1.*9.60486064369632e-3-x2.*6.148803653710854e-2-x3.*2.748312452543939e-2+u1.*x1.*9.560870145527063e-2+u1.*x2.*1.830549723185735-u1.*x3.*3.89594870188732-x1.*x2.*1.122016861044284e-1+x1.*x3.*1.05837245682727e-1+x2.*x3.*6.921602910684168e-1-3.19410282652614e-4];
