function vf2 = vf_koopman(in1,u1)
%VF_KOOPMAN
%    VF2 = VF_KOOPMAN(IN1,U1)

%    This function was generated by the Symbolic Math Toolbox version 7.2.
%    11-Aug-2018 16:21:01

x1 = in1(1,:);
x2 = in1(2,:);
x3 = in1(3,:);
x4 = in1(4,:);
t2 = u1.^2;
t3 = x1.^2;
t4 = x2.^2;
t5 = x3.^2;
t6 = x4.^2;
t7 = t2.^2;
t8 = t4.^2;
t9 = t3.^2;
t10 = t5.^2;
t11 = t6.^2;
vf2 = [t2.*(1.876801651238193e-3-2.127715691959765e-3i)+t3.*(-2.696270908796242e2+9.308805014073016i)+t4.*(-1.421984609365168e2+2.675995319228122i)+t5.*(6.146816526741616e-1-4.782036151281255e-1i)+t6.*(1.920885304204285-3.260991247382983e-1i)+t7.*(-5.283366452579483e-4+8.965173028624489e-5i)+t8.*(-1.49480337085607e3-2.309623276993943e2i)+t9.*(-3.444095365842217e3+5.404351662580302e2i)+t10.*(5.137460029650454+1.794526636063587e-1i)+t11.*(1.520901945384012e-2+2.388919169713433e-1i)+u1.*(-9.986884023575912e-2-1.435471220170802e-2i)+x1.*(-3.051640278567087e1-1.998779912444668e-1i)+x2.*(2.288045876917427e1+4.712815357516539e-2i)+x3.*(1.313156208626493+3.198244503141684e-2i)+x4.*(5.146675159902192e-2-8.224710311634381e-3i)+t2.*t3.*(2.507590354226128e1+9.053043885529632e-3i)+t2.*t4.*(1.287774583627844e1-2.47611130725911e-3i)+t2.*t5.*(3.389173499930075e-1+4.158877583780016e-2i)+t3.*t4.*(-1.368531888855929e4+7.732231905384651e1i)+t2.*t6.*(-3.918398085270131e-2+2.752107946763088e-2i)+t3.*t5.*(1.473521947493805e2+4.633725598240332e1i)+t3.*t6.*(-1.320304320904936e2+8.618280931151688e1i)+t4.*t5.*(5.668443568513567e1+1.513023410295958e1i)+t4.*t6.*(-2.985929946938636e1+2.54064483957616e1i)+t5.*t6.*(9.152551483959197+3.484415406449415i)+t2.*u1.*(8.547314687803044e-3+2.087900958414506e-3i)+t3.*u1.*(8.287089255699277e1-9.222927744689162i)+t4.*u1.*(6.371000128066141e1-5.698064900130488i)+t5.*u1.*(-3.784138700327855e-1+1.508554312118868e-1i)+t6.*u1.*(1.263057676774705-6.351084823125026e-2i)+t7.*u1.*(-1.607824996190329e-4-9.069661229267796e-5i)+t8.*u1.*(-8.511085372655523e2+1.182537680338447e2i)+t9.*u1.*(-1.640180676772421e3+2.901576612559688e2i)+t10.*u1.*(7.045981083694758-3.538010442082795e-1i)+t11.*u1.*(1.671858069192281+2.111556205113008e-1i)+t2.*x1.*(2.12709347454423+1.624063350393978e-1i)+t2.*x2.*(-1.695168362453806-9.718773307651862e-2i)+t3.*x1.*(-1.005160621921242e3-1.100181585495523e2i)+t2.*x3.*(-7.84311558755556e-2+1.74382035400801e-2i)+t3.*x2.*(2.345576460441103e3+3.385943561017086e2i)+t4.*x1.*(-1.755722454732776e3-3.186105798766562e2i)+t2.*x4.*(1.077040801571733e-1-1.232120447283179e-2i)+t3.*x3.*(-1.138740447004525e2-8.337972257178947i)+t4.*x2.*(4.093922526179886e2+9.600707865586614e1i)+t5.*x1.*(4.628610306703816e1+1.321331010298627e1i)+t3.*x4.*(-4.108365095179576e2-1.194120696308147e1i)+t4.*x3.*(-3.367605282716035e1-8.94408444959268i)+t5.*x2.*(-2.455083329669727e1-1.049004085333648e1i)+t6.*x1.*(-4.754060368034308+6.216552801370874i)+t4.*x4.*(-1.705410473887395e2+1.103920984216842i)+t5.*x3.*(5.088573654755431-2.106695970828776i)+t6.*x2.*(-2.746130669308744-3.600335693601759i)+t7.*x1.*(-6.341588050181153e-2-1.139735139928266e-2i)+t5.*x4.*(-1.201123575770024e1+3.581908316684945i)+t6.*x3.*(1.07034014990836e1-2.55366883164899i)+t7.*x2.*(5.389618439708831e-2+7.108652429014296e-3i)+t8.*x1.*(-2.278792342746281e3-6.048726679261199e2i)+t6.*x4.*(-3.253404359379815+7.664401605051178e-1i)+t7.*x3.*(1.86387809212849e-3-8.435241390292647e-4i)+t8.*x2.*(7.181815129692819e2+2.583177027083957e2i)+t9.*x1.*(1.999783461264386e3-4.007309438271091e2i)+t7.*x4.*(-4.236412362566644e-3+4.810851834817845e-4i)+t8.*x3.*(-2.016806270098321e3-7.168487639683427e1i)+t9.*x2.*(-4.827116144604162e3+2.958180549015469e2i)+t10.*x1.*(-3.671922262003438e1-6.351666973692449i)+t8.*x4.*(1.994614484906875e3+5.192800657180612e1i)+t9.*x3.*(-4.792950745155439e3+1.77947712093976e1i)+t10.*x2.*(3.0180587766397e1+6.275472177597203i)+t11.*x1.*(-6.74419895088106+4.207557074427211i)+t9.*x4.*(8.05170446461098e3-5.870654749562163e1i)+t10.*x3.*(5.943874346594241+1.897255459329528e-1i)+t11.*x2.*(2.688076268464767e-1+2.250711114117143e-1i)+t10.*x4.*(-2.207521907994531e1-4.532414244667828i)+t11.*x3.*(3.583799950208453+2.475757781940198i)+t11.*x4.*(-3.155223799295973e-1-2.704217389435315e-1i)+u1.*x1.*(3.658260803618315+9.432285956768338e-1i)+u1.*x2.*(-2.800910597819359-7.632734128758006e-1i)+u1.*x3.*(4.075682265404357e-1-1.980510178668377e-2i)+u1.*x4.*(-5.603488138808641e-1-1.163439743595354e-2i)+x1.*x2.*(3.925372954673509e2-1.05031850962996e1i)+x1.*x3.*(-6.302346420760895e1+9.893116456735918e-1i)+x1.*x4.*(5.165692692594915e1-7.002047730074201e-1i)+x2.*x3.*(4.885815247244147e1-1.242586204315819i)+x2.*x4.*(-4.011828917306664e1+8.483950287043474e-1i)+x3.*x4.*(-2.912948725750366+8.499248465696274e-1i)+t2.*t3.*u1.*(-1.955367617363242+6.045521093808937e-1i)+t2.*t4.*u1.*(-1.910235630887187+3.027119637806142e-1i)+t2.*t5.*u1.*(6.862992574804001e-2-8.886278602162328e-3i)+t3.*t4.*u1.*(-7.366635102986396e3+1.043756500389859e3i)+t2.*t6.*u1.*(-5.33044754116467e-2+1.044893825943643e-3i)+t3.*t5.*u1.*(4.013951069606196e2-1.41533149500183e1i)+t3.*t6.*u1.*(1.560293939678887e2+4.928858854087865i)+t4.*t5.*u1.*(1.869296472648238e2-5.212297727295017i)+t4.*t6.*u1.*(9.938193902562193e1+9.238369165419655i)+t5.*t6.*u1.*(2.510200016704029e1-4.662731432627965e-2i)+t2.*t3.*x1.*(-2.133651551034483+2.910481206657579e1i)+t2.*t3.*x2.*(2.131659085576411e1-6.088602223987878e1i)+t2.*t4.*x1.*(-2.92694704506162e1+4.190355983498691e1i)+t2.*t3.*x3.*(-1.64557254631632e1+9.024155024486546e-1i)+t2.*t4.*x2.*(1.063589963274789e1-9.527206106815278i)+t2.*t5.*x1.*(-2.590972795379235+1.336823976924044i)+t3.*t4.*x1.*(2.888150211037778e3+4.434775837317011e2i)+t2.*t3.*x4.*(1.554824781421532-4.600254955495881i)+t2.*t4.*x3.*(-7.738246066077208+4.907067333419679e-1i)+t2.*t5.*x2.*(2.640892708973635-9.220654742087764e-1i)+t2.*t6.*x1.*(-7.510071713330846e-3+8.966506774284921e-1i)+t3.*t4.*x2.*(1.508124931268392e3+4.607215511573486i)+t3.*t5.*x1.*(-1.231636092080023e3+1.033199209172898e2i)+t2.*t4.*x4.*(3.496385663704303-2.016271670387164i)+t2.*t5.*x3.*(-3.798888698926872e-1-3.49258710215814e-2i)+t2.*t6.*x2.*(6.294665511735544e-1-6.218174030681434e-1i)+t3.*t4.*x3.*(-1.753542241049444e4-1.146166454091315e2i)+t3.*t5.*x2.*(2.566129775111056e3-2.477895718366608e2i)+t3.*t6.*x1.*(-2.235477448531003e2+2.668619683208158e2i)+t4.*t5.*x1.*(-1.556576532380555e3+1.737974487819656e2i)+t2.*t5.*x4.*(1.198862914758555-1.598794710396034e-2i)+t2.*t6.*x3.*(-1.100903984647259+4.975766907793222e-2i)+t3.*t4.*x4.*(2.369605607151346e4-2.945081292563736e2i)+t3.*t5.*x3.*(8.656613577829302e1+7.3834934101166e1i)+t3.*t6.*x2.*(2.397597749887538e2-4.672049500344906e2i)+t4.*t5.*x2.*(2.257574495722739e2-2.832301058012064e1i)+t4.*t6.*x1.*(1.615852732866495e2+1.705393605950087e2i)+t2.*t6.*x4.*(2.988479496980578e-1-1.17592138993089e-2i)+t3.*t5.*x4.*(1.686706408280016e2-2.591023940508069e2i)+t3.*t6.*x3.*(-1.355286023279311e2+2.189922478842135e2i)+t4.*t5.*x3.*(1.241657296637109e2+6.913120393683201e1i)+t4.*t6.*x2.*(-1.438896452335151e2+1.676698269734302e1i)+t5.*t6.*x1.*(-1.021519964869661e2+1.812343740314077e1i)+t3.*t6.*x4.*(9.771905451653616e1-3.531786257326743e1i)+t4.*t5.*x4.*(7.071520233666384e1-1.680582630650218e2i)+t4.*t6.*x3.*(-7.930631633232579e1+1.267768443092037e2i)+t5.*t6.*x2.*(4.506259560760769e1+7.121200478874243i)+t4.*t6.*x4.*(2.764482107790931e1-2.238672848472049e1i)+t5.*t6.*x3.*(2.360801452763999e1+9.94206991437963i)+t5.*t6.*x4.*(-1.261526303321749e1-7.866850233767071i)+t2.*u1.*x1.*(-2.135991453719873e-1-5.485079525502916e-2i)+t2.*u1.*x2.*(1.599080668539267e-1+4.551355337997144e-2i)+t3.*u1.*x1.*(3.931501642278519e2+8.079794179845891e1i)+t2.*u1.*x3.*(-1.558400752353789e-2+4.362075535321343e-4i)+t3.*u1.*x2.*(-9.307714385465533e2-2.161901075889705e2i)+t4.*u1.*x1.*(7.304332887253122e2+1.860762018344639e2i)+t2.*u1.*x4.*(2.68146745419838e-2+3.270412632394365e-4i)+t3.*u1.*x3.*(-2.459099470796046e2+9.441508284905638i)+t4.*u1.*x2.*(-1.920046111898873e2-5.20058311175643e1i)+t5.*u1.*x1.*(-4.257455228095824e1+5.250881283370274i)+t3.*u1.*x4.*(2.083935174587195e2-1