function vf2 = vf_koopman(in1,u1)
%VF_KOOPMAN
%    VF2 = VF_KOOPMAN(IN1,U1)

%    This function was generated by the Symbolic Math Toolbox version 7.2.
%    13-Aug-2018 17:47:03

x1 = in1(1,:);
x2 = in1(2,:);
x3 = in1(3,:);
x4 = in1(4,:);
t2 = u1.^2;
t3 = x1.^2;
t4 = x2.^2;
t5 = x3.^2;
t6 = x4.^2;
t7 = t2.^2;
t8 = t4.^2;
t9 = t3.^2;
t10 = t5.^2;
t11 = t6.^2;
vf2 = [t2.*(-5.099578087986511e-4+3.524865765299849e-11i)+t3.*(5.372568943367252e-1+1.118911098034007e-7i)+t4.*(2.221997299132851e-1+3.326401266702991e-8i)+t5.*(-2.340415672165989e-2-2.17352906506374e-9i)+t6.*(-1.729827671426472e-3-7.209115249207088e-10i)+t7.*(1.805200030759264e-6-3.622902668692687e-12i)+t8.*(1.819094449209407+2.979540854782433e-7i)+t9.*(2.26373406718366-6.434213920917624e-7i)+t10.*(1.772000263279004e-3-1.741805079798671e-9i)+t11.*(2.39699315142081e-3-1.760121634668728e-10i)+u1.*(-8.650176915137841e-3+1.14002485114099e-10i)+x1.*(-4.019782943385579-4.059211705191116e-9i)+x2.*(2.807621563404068+3.304518406595699e-9i)+x3.*(1.12848558270016+6.593665717591347e-9i)+x4.*(-1.084195028178297e-1-3.101122360929983e-9i)+t2.*t3.*(-4.713111903309657e-2-4.633643468920923e-9i)+t2.*t4.*(-3.914573207626747e-2-1.844503022541133e-9i)+t2.*t5.*(-1.054219626233975e-3+1.793456731504402e-10i)+t3.*t4.*(1.235357888758699e1-3.147110424113938e-7i)+t2.*t6.*(-7.587436216528013e-4+3.294180972561919e-11i)+t3.*t5.*(-4.843272785989001e-1-9.727083768081476e-8i)+t3.*t6.*(1.790723817901509e-1-5.174320231541667e-8i)+t4.*t5.*(-3.595637078846427e-1+1.170006846037038e-8i)+t4.*t6.*(6.552285820126851e-2+9.905239244563844e-10i)+t5.*t6.*(1.860634982315217e-2-1.178421668695159e-9i)+t2.*u1.*(-1.885048986437799e-4+2.700258997882325e-11i)+t3.*u1.*(-2.110243840505894e-1-1.973361751783642e-9i)+t4.*u1.*(-1.636953688759297e-1+4.617206154448421e-9i)+t5.*u1.*(-2.846125821261547e-2+3.954029811903404e-10i)+t6.*u1.*(1.08060436873779e-2+4.668790527795341e-10i)+t7.*u1.*(6.024366700206663e-5-2.214691872095299e-12i)+t8.*u1.*(-3.606280648189191e-1+1.036059756505855e-7i)+t9.*u1.*(-9.812701999482439e-1+6.261904624456823e-7i)+t10.*u1.*(1.219077400745971e-2+3.523497408193984e-9i)+t11.*u1.*(-4.080000472955354e-4+3.367665629867844e-10i)+t2.*x1.*(1.732743902773023e-1+7.629629567018626e-10i)+t2.*x2.*(-1.2416517535838e-1-1.042109222989159e-9i)+t3.*x1.*(2.288744166001241e1-2.842719535693187e-6i)+t2.*x3.*(1.764706505234521e-2-7.71883916737363e-10i)+t3.*x2.*(-4.602350430916583e1+6.785078276079956e-6i)+t4.*x1.*(3.46653740731226e1-5.195652894955198e-6i)+t2.*x4.*(-6.964293209950658e-3+3.624775609875619e-10i)+t3.*x3.*(-3.294186990662203e-1+4.612764873771861e-7i)+t4.*x2.*(-9.593283395455401+1.266852366528977e-6i)+t5.*x1.*(1.139282884469721-9.252155569461351e-8i)+t3.*x4.*(2.739316089052145-1.330720360293025e-7i)+t4.*x3.*(-4.635298703950745e-1+1.758849681639714e-7i)+t5.*x2.*(-6.357496446513154e-1+6.872693987987807e-8i)+t6.*x1.*(1.087562976061876-1.375328693524007e-8i)+t4.*x4.*(7.559563136811859e-1-5.95791727296217e-8i)+t5.*x3.*(1.139319504327287e-2+7.256405892830387e-9i)+t6.*x2.*(-7.496903134753368e-1+1.690535790059104e-8i)+t7.*x1.*(-2.141615534397923e-3+2.342032980311853e-10i)+t5.*x4.*(2.255574913118037e-1-7.401089463510147e-9i)+t6.*x3.*(-1.717714399094376e-1-2.537692278536952e-9i)+t7.*x2.*(1.879902023937106e-3-1.593096260379262e-10i)+t8.*x1.*(-9.314329540744064+3.552221703451153e-5i)+t6.*x4.*(2.069528621442017e-2+2.417924945911458e-9i)+t7.*x3.*(-4.082957883500959e-4+2.666709913136776e-11i)+t8.*x2.*(3.110378059693057-5.051551238421936e-6i)+t9.*x1.*(-2.08440291579229+1.859776988707059e-5i)+t7.*x4.*(1.546480926749905e-4-4.640626307345885e-12i)+t8.*x3.*(-1.06601875638996-1.477214089939949e-6i)+t9.*x2.*(-1.42174562437208-7.715208497257228e-5i)+t10.*x1.*(1.812440609459165e-1+8.714419914845895e-8i)+t8.*x4.*(1.191353086870053+6.809906083482531e-7i)+t9.*x3.*(-6.080176759640499-6.41266689749287e-6i)+t10.*x2.*(-1.795502042087404e-1-5.856793267959108e-8i)+t11.*x1.*(-4.35650471573223e-2+8.626442153196006e-10i)+t9.*x4.*(4.961413746229153+3.774067007059993e-6i)+t10.*x3.*(-8.016920357029923e-3-7.929150334003618e-9i)+t11.*x2.*(2.267409368655364e-2-3.186261555524854e-9i)+t10.*x4.*(-3.087882325048669e-4+2.09211339803154e-8i)+t11.*x3.*(1.931470493929836e-2-1.581613269172055e-9i)+t11.*x4.*(-1.738987903425806e-3-5.594607531874315e-11i)+u1.*x1.*(-8.064128000607718e-2-2.076909709029333e-9i)+u1.*x2.*(4.442096534869436e-2+1.506921439483241e-9i)+u1.*x3.*(2.047863497442752e-3+8.172838021220282e-10i)+u1.*x4.*(-1.025046542411304e-3-3.815201265443732e-10i)+x1.*x2.*(-7.113898286044629e-1-1.360364425273541e-7i)+x1.*x3.*(5.438753733182437e-2+6.389978361257913e-9i)+x1.*x4.*(1.941201560579851e-1+1.024604429078479e-8i)+x2.*x3.*(-7.260645631932626e-2-9.442060096750046e-9i)+x2.*x4.*(-1.013061645264182e-1-4.052720890361054e-9i)+x3.*x4.*(2.646961063767662e-2+3.013832492309669e-9i)+t2.*t3.*u1.*(6.271954862805898e-2-6.386067600653671e-10i)+t2.*t4.*u1.*(2.939470209403838e-2+3.668510807630643e-11i)+t2.*t5.*u1.*(-1.295881485895868e-3-1.160001339414162e-10i)+t3.*t4.*u1.*(-2.359286277548637+1.800236404392308e-6i)+t2.*t6.*u1.*(-1.062684638602524e-3-8.332562070889615e-11i)+t3.*t5.*u1.*(4.808352171777689e-1+9.215255225569763e-8i)+t3.*t6.*u1.*(1.100785774465339e-1+2.743386258903987e-8i)+t4.*t5.*u1.*(3.907010150726987e-1+4.48451174343371e-8i)+t4.*t6.*u1.*(2.946608129949583e-2+2.133839517119244e-8i)+t5.*t6.*u1.*(3.05178450828344e-2+7.477268341530657e-9i)+t2.*t3.*x1.*(-1.098250891372793-2.845800909737998e-8i)+t2.*t3.*x2.*(2.20363230669473+6.143016419620415e-8i)+t2.*t4.*x1.*(-1.492003621755783-4.449812647984904e-8i)+t2.*t3.*x3.*(-1.868227974845496e-1+1.335890478099122e-8i)+t2.*t4.*x2.*(3.405146480270865e-1+1.104000247701779e-8i)+t2.*t5.*x1.*(-2.599084089158476e-2-3.234081058511862e-9i)+t3.*t4.*x1.*(3.326765398540936+1.236834926698904e-4i)+t2.*t3.*x4.*(1.774545138559167e-3-3.547219231310924e-9i)+t2.*t4.*x3.*(-8.245111811784797e-2+8.739254054220455e-9i)+t2.*t5.*x2.*(-3.118081686669626e-3+2.777886485653506e-9i)+t2.*t6.*x1.*(-2.82956393014461e-2+2.98960509126367e-10i)+t3.*t4.*x2.*(5.982109568027272-9.558981822384757e-5i)+t3.*t5.*x1.*(1.834674681279088+2.756791683822257e-6i)+t2.*t4.*x4.*(4.809405787597106e-4-9.949866162465664e-10i)+t2.*t5.*x3.*(2.026304469892351e-3-1.804910243254539e-10i)+t2.*t6.*x2.*(4.181793658609989e-3+2.218101281351951e-10i)+t3.*t4.*x3.*(-2.238624838221504e1-2.14306947169766e-5i)+t3.*t5.*x2.*(-6.59311828348268-6.390960164785279e-6i)+t3.*t6.*x1.*(8.707292006399193e-1+7.332620159209806e-7i)+t4.*t5.*x1.*(5.589697950341774+4.603305836514693e-6i)+t2.*t5.*x4.*(-6.896779854466797e-3+3.650209764079667e-10i)+t2.*t6.*x3.*(5.506576062096969e-3-2.446671337752448e-10i)+t3.*t4.*x4.*(1.184746057403557e1+1.048919341014217e-5i)+t3.*t5.*x3.*(-7.912390609327621e-1-5.177426977883334e-7i)+t3.*t6.*x2.*(-1.283306131035241-1.49879710494479e-6i)+t4.*t5.*x2.*(-1.192195243347713-1.014622489729315e-6i)+t4.*t6.*x1.*(1.94461421615912e-1+1.098900082041609e-6i)+t2.*t6.*x4.*(-1.253109809703348e-3+4.163082639035975e-11i)+t3.*t5.*x4.*(1.775970332300889+9.204921889531075e-7i)+t3.*t6.*x3.*(-1.002590586010876e-1-4.473411280292439e-7i)+t4.*t5.*x3.*(-3.824690092017297e-1-2.507256374739697e-7i)+t4.*t6.*x2.*(2.192345852735959e-1-2.786821236740641e-7i)+t5.*t6.*x1.*(-8.042446603242586e-3+1.591314599767394e-7i)+t3.*t6.*x4.*(-5.581241086330715e-2+2.192333999525194e-8i)+t4.*t5.*x4.*(4.148238838546456e-1+3.988207014637979e-7i)+t4.*t6.*x3.*(-1.042199916527429e-1-2.019123359249993e-7i)+t5.*t6.*x2.*(-2.900539794017085e-1-1.087287352744918e-7i)+t4.*t6.*x4.*(2.152660453653265e-2+2.033752610763884e-8i)+t5.*t6.*x3.*(3.997046722298822e-2-2.112666226676263e-8i)+t5.*t6.*x4.*(-5.009038938035378e-2+9.688153809287819e-9i)+t2.*u1.*x1.*(2.703333770836325e-3+2.906112850364906e-11i)+t2.*u1.*x2.*(-1.020757654207775e-3+6.526850819070044e-11i)+t3.*u1.*x1.*(5.049084096414025e-1-4.194936527775658e-9i)+t2.*u1.*x3.*(-5.739904654420262e-4-7.069168022945846e-12i)+t3.*u1.*x2.*(-9.388792582728225e-1+1.580710562443244e-8i)+t4.*u1.*x1.*(6.5492832483591e-1+2.099005228887544