function vf2 = vf_koopman(in1,u1)
%VF_KOOPMAN
%    VF2 = VF_KOOPMAN(IN1,U1)

%    This function was generated by the Symbolic Math Toolbox version 7.2.
%    13-Aug-2018 10:44:33

x1 = in1(1,:);
x2 = in1(2,:);
x3 = in1(3,:);
x4 = in1(4,:);
t2 = u1.^2;
t3 = x1.^2;
t4 = x2.^2;
t5 = x3.^2;
t6 = x4.^2;
t7 = t2.^2;
t8 = t4.^2;
t9 = t3.^2;
t10 = t5.^2;
t11 = t6.^2;
vf2 = [t2.*(-1.621378211252423e-5)-t3.*1.432817851975358e-1-t4.*7.785345858787911e-3-t5.*1.624730491487697e-2+t6.*1.024403952146386e-3+t7.*5.742760908895695e-6+t8.*1.205338631882337+t9.*3.468557856062484+t10.*3.860749340640266e-3-t11.*4.80777337118926e-4-u1.*1.568267419087824e-4-x1.*3.651244843008481+x2.*2.622202093842658+x3.*9.131848639250177e-1+x4.*2.157680863691187e-2-t2.*t3.*2.274955752985411e-2-t2.*t4.*1.663259704793483e-2+t2.*t5.*1.032417280698086e-3+t3.*t4.*1.3883512417308e1+t2.*t6.*3.651386038562415e-4+t3.*t5.*1.436185082317586e-1+t3.*t6.*1.906680979083504e-1+t4.*t5.*4.465252763261304e-2+t4.*t6.*7.138869353131454e-2+t5.*t6.*2.56060039885422e-3-t2.*u1.*1.420455939613973e-3-t3.*u1.*3.785875437543618e-1-t4.*u1.*1.690403672103321e-1-t5.*u1.*1.518415274896579e-2+t6.*u1.*1.231974682375279e-3+t7.*u1.*8.017773262435715e-5-t8.*u1.*4.151084781971759e-2+t9.*u1.*6.211441777798306e-1+t10.*u1.*4.302405766878807e-3-t11.*u1.*2.152982951414628e-4+t2.*x1.*2.305443945778828e-1-t2.*x2.*1.636860458233526e-1+t3.*x1.*1.515976502340191e1+t2.*x3.*1.013703099164644e-2-t3.*x2.*3.241169214676492e1+t4.*x1.*2.664327093497038e1-t2.*x4.*3.638296745180201e-3+t3.*x3.*1.351496606723365-t4.*x2.*7.951876031412244+t5.*x1.*6.828201369574999e-1+t3.*x4.*7.389660624100826e-1+t4.*x3.*1.649114903295257e-1-t5.*x2.*3.826253799362408e-1+t6.*x1.*6.05316878331171e-1-t4.*x4.*3.111838651169984e-1+t5.*x3.*1.520186881700304e-2-t6.*x2.*4.790579419939255e-1-t7.*x1.*3.737924333409007e-3+t5.*x4.*6.292515139309669e-2-t6.*x3.*3.836199788132065e-2+t7.*x2.*2.747201650038657e-3-t8.*x1.*1.75716395757511e1+t6.*x4.*1.81827105768225e-4-t7.*x3.*1.897217728576097e-4+t8.*x2.*4.879097543530787+t9.*x1.*5.181275896848438+t7.*x4.*6.100123961439597e-5+t8.*x3.*2.459593934238764e-1-t9.*x2.*1.713104294539325e1-t10.*x1.*1.329887716164673e-2+t8.*x4.*7.883493677366316e-1-t9.*x3.*3.459518429037132-t10.*x2.*7.768449920063748e-4-t11.*x1.*1.846655779509193e-2+t9.*x4.*9.951889698156417e-2-t10.*x3.*2.230158170581554e-3+t11.*x2.*1.313457276265204e-2+t10.*x4.*5.746601324202944e-3+t11.*x3.*3.067572254530538e-3-t11.*x4.*2.688392328810829e-4-u1.*x1.*6.470154827368474e-2+u1.*x2.*4.055283280731113e-2-u1.*x3.*5.549750407761638e-4+u1.*x4.*1.951590742481776e-3+x1.*x2.*1.526518452039604e-1-x1.*x3.*6.186062231501392e-3+x1.*x4.*1.025860417558272e-1-x2.*x3.*1.651315266391228e-3-x2.*x4.*6.093563904252118e-2+x3.*x4.*1.284120008607657e-2+t2.*t3.*u1.*2.711985621123714e-2+t2.*t4.*u1.*1.583436113783812e-2-t2.*t5.*u1.*5.03847670477675e-4+t3.*t4.*u1.*2.040589826028554-t2.*t6.*u1.*1.485823366427661e-4+t3.*t5.*u1.*3.497256910931733e-1+t3.*t6.*u1.*1.661055749145038e-1+t4.*t5.*u1.*2.261750338593858e-1+t4.*t6.*u1.*1.825527175742086e-2+t5.*t6.*u1.*1.296592976454121e-2-t2.*t3.*x1.*7.646888020585527e-1+t2.*t3.*x2.*1.571268261588977-t2.*t4.*x1.*1.129984059594511-t2.*t3.*x3.*1.501081000691866e-1+t2.*t4.*x2.*2.823006795006123e-1-t2.*t5.*x1.*4.043960457324288e-2+t3.*t4.*x1.*8.131161461198836+t2.*t3.*x4.*3.706044377265141e-2-t2.*t4.*x3.*6.495766856521357e-2+t2.*t5.*x2.*2.230368712162159e-2-t2.*t6.*x1.*1.499271220981775e-2+t3.*t4.*x2.*1.608549680283489e1+t3.*t5.*x1.*2.090828793014872+t2.*t4.*x4.*1.746595682140987e-2-t2.*t5.*x3.*3.702151363855117e-4+t2.*t6.*x2.*8.472541224248941e-3-t3.*t4.*x3.*4.842855731011553-t3.*t5.*x2.*6.216750059051937-t3.*t6.*x1.*5.763299090110856e-1+t4.*t5.*x1.*5.447703952924869+t2.*t5.*x4.*1.026200514330666e-3-t2.*t6.*x3.*6.115283083146797e-4-t3.*t4.*x4.*3.492664093668734-t3.*t5.*x3.*1.653915246808451e-1+t3.*t6.*x2.*8.1956280121924e-1-t4.*t5.*x2.*1.443074505592959-t4.*t6.*x1.*5.067924174567768e-1+t2.*t6.*x4.*2.242183191876602e-4+t3.*t5.*x4.*3.595664938938943e-1+t3.*t6.*x3.*2.697003796629642e-1-t4.*t5.*x3.*9.87583151750005e-2+t4.*t6.*x2.*2.137990707536369e-1-t5.*t6.*x1.*5.993931844639685e-2-t3.*t6.*x4.*5.501554790683693e-2+t4.*t5.*x4.*2.003497118435223e-3+t4.*t6.*x3.*6.44451854620965e-2-t5.*t6.*x2.*3.309610678134112e-2-t4.*t6.*x4.*4.986178825160918e-3-t5.*t6.*x3.*2.914534103099338e-3-t5.*t6.*x4.*4.878613842966203e-3+t2.*u1.*x1.*1.978024983961066e-3-t2.*u1.*x2.*1.236900306828168e-3+t3.*u1.*x1.*6.45874412276904e-1-t2.*u1.*x3.*2.805480435735984e-4-t3.*u1.*x2.*1.369194763926901+t4.*u1.*x1.*9.655771588677378e-1+t2.*u1.*x4.*1.441044536586322e-4+t3.*u1.*x3.*6.061918354850857e-2-t4.*u1.*x2.*2.290975371350195e-1+t5.*u1.*x1.*1.834368612955443e-2-t3.*u1.*x4.*1.117680424412156e-2+t4.*u1.*x3.*6.292145650205919e-2-t5.*u1.*x2.*1.153111240261296e-2+t6.*u1.*x1.*1.300561020094024e-2-t4.*u1.*x4.*4.70156930156202e-2-t5.*u1.*x3.*1.64437458848783e-3-t6.*u1.*x2.*9.826337288244006e-3+t5.*u1.*x4.*8.918484416227179e-4-t6.*u1.*x3.*9.42941694038196e-5-t6.*u1.*x4.*1.246371745218703e-4+t2.*x1.*x2.*3.615828433269421e-2+t2.*x1.*x3.*2.614564024792908e-3-t3.*x1.*x2.*1.162349825626172e1-t2.*x1.*x4.*1.521705429827573e-3-t2.*x2.*x3.*2.888539163347911e-3-t3.*x1.*x3.*7.925815939690641e-1-t4.*x1.*x2.*6.935082934682699+t2.*x2.*x4.*3.402777345927898e-3-t3.*x1.*x4.*4.349456458929395e-2+t3.*x2.*x3.*1.777316236688674-t4.*x1.*x3.*1.236952136139169-t5.*x1.*x2.*1.774543090571145e-1-t2.*x3.*x4.*1.163291729177318e-3+t3.*x2.*x4.*4.173356748941875e-2-t4.*x1.*x4.*4.14391242397808e-2+t4.*x2.*x3.*2.734102125879761e-1-t5.*x1.*x3.*2.49700410419522e-2-t6.*x1.*x2.*2.39428794807454e-1-t3.*x3.*x4.*4.33661370850572e-1+t4.*x2.*x4.*6.31129779548697e-3+t5.*x1.*x4.*6.50312096163216e-2+t5.*x2.*x3.*1.09680946953558e-2-t6.*x1.*x3.*3.693853637448214e-3-t4.*x3.*x4.*1.2292833248425e-1-t5.*x2.*x4.*4.004233430431124e-2-t6.*x1.*x4.*1.313825238433144e-2+t6.*x2.*x3.*2.401480766352124e-2-t5.*x3.*x4.*4.457595990683461e-3-t6.*x2.*x4.*4.127157747851126e-4-t6.*x3.*x4.*2.444220213009502e-4+u1.*x1.*x2.*5.24866507337122e-1-u1.*x1.*x3.*1.616166245402147e-1+u1.*x1.*x4.*1.085353677018458e-1+u1.*x2.*x3.*8.560272240619535e-2-u1.*x2.*x4.*1.381176967879425e-2+u1.*x3.*x4.*3.986259234287141e-3-x1.*x2.*x3.*1.082350831067589-x1.*x2.*x4.*6.068181348028047e-1-x1.*x3.*x4.*1.417014058943409+x2.*x3.*x4.*6.568020849101468e-1-t2.*u1.*x1.*x2.*3.921990650476027e-2+t2.*u1.*x1.*x3.*9.447797886325425e-3-t3.*u1.*x1.*x2.*1.952672408843732-t2.*u1.*x1.*x4.*6.695757656359736e-3-t2.*u1.*x2.*x3.*5.45494649420135e-3+t3.*u1.*x1.*x3.*3.82175107858928e-2-t4.*u1.*x1.*x2.*6.480520709158243e-1+t2.*u1.*x2.*x4.*4.154968697503714e-3+t3.*u1.*x1.*x4.*2.741439669854386e-1+t3.*u1.*x2.*x3.*8.148301207848042e-1-t4.*u1.*x1.*x3.*1.17709256387287-t5.*u1.*x1.*x2.*5.49574739646322e-1+t2.*u1.*x3.*x4.*5.772134402851999e-4-t3.*u1.*x2.*x4.*1.146365742798213+t4.*u1.*x1.*x4.*1.238734554680844+t4.*u1.*x2.*x3.*4.105601126694642e-1+t5.*u1.*x1.*x3.*2.975104267036563e-2-t6.*u1.*x1.*x2.*1.832900995058898e-1-t3.*u1.*x3.*x4.*5.630715780168569e-1-t4.*u1.*x2.*x4.*4.472212352411291e-1+t5.*u1.*x1.*x4.*5.672845257225638e-2-t5.*u1.*x2.*x3.*1.753345362699369e-2-t6.*u1.*x1.*x3.*4.047629982546661e-2-t4.*u1.*x3.*x4.*1.331368408170558e-1-t5.*u1.*x2.*x4.*4.465093881538407e-2+t6.*u1.*x1.*x4.*2.824178532770799e-3+t6.*u1.*x2.*x3.*5.152908487669613e-2-t5.*u1.*x3.*x4.*1.576092499773232e-2-t6.*u1.*x2.*x4.*1.609968660898071e-2-t6.*u1.*x3.*x4.*2.628774732025157e-3+t2.*x1.*x2.*x3.*1.871203965808353e-1-t2.*x1.*x2.*x4.*4.474105708759082e-2+t3.*x1.*x2.*x3.*7.169404203137836+t2.*x1.*x3.*x4.*4.027250815404309e-2+t3.*x1.*x2.*x4.*2.577864459554227+t4.*x1.*x2.*x3.*7.86970135792078e-1-t2.*x2.*x3.*x4.*1.759359923441366e-2+t3.*x1.*x3.*x4.*6.341456502954007e-1+t4.*x1.*x2.*x4.*1.448042524123402e-1+t5.*x1.*x2.*x3.*2.397575188769945e-1-t3.*x2.*x3.*x4.*6.041064990512273e-1-t4.*x1.*x3.*x4.*6.054079344973938e-1-t5.*x1.*x2.*x4.*2.807780913515254e-1-t6.*x1.*x2.*x3.*1.747012381854981e-1+t4.*x2.*x3.*x4.*5.983506648409284e-1-t5.*x1.*x3.*x4.*2.279161232021052e-2+t6.*x1.*x2.*