function vf2 = vf_test(in1,u1)
%VF_TEST
%    VF2 = VF_TEST(IN1,U1)

%    This function was generated by the Symbolic Math Toolbox version 7.2.
%    09-Sep-2018 12:17:15

x1 = in1(1,:);
x2 = in1(2,:);
x3 = in1(3,:);
x4 = in1(4,:);
x5 = in1(5,:);
x6 = in1(6,:);
t2 = u1.^2;
t3 = x1.^2;
t4 = x2.^2;
t5 = x3.^2;
t6 = x4.^2;
t7 = x5.^2;
t8 = x6.^2;
vf2 = [t2.*2.640691453127245e-4-t3.*2.622464802758596e-1-t4.*2.920763751479263e-1+t5.*3.378052098800365e-1-t6.*4.762867157876927e-1+t7.*9.543815027084547e-2+t8.*1.459642840218888e-1-u1.*7.887095322586066e-4-x1.*1.050986482338017e-1-x2.*1.64239742282676e-1+x3.*1.319195242069745e-2+x4.*9.537370302033207e-1+x5.*7.523382152302039e-1-x6.*1.817214027651845e-1+u1.*x1.*2.983824675555763e-2+u1.*x2.*3.043798860971126e-2+u1.*x3.*1.252761036959497e-2+u1.*x4.*1.655670560914892e-2-u1.*x5.*1.39499378192922e-1+u1.*x6.*3.804763308733336e-2-x1.*x2.*5.912524380577037e-1+x1.*x3.*1.032880591582284+x1.*x4.*3.358590273026747e-1+x2.*x3.*4.309466529943459e-1+x1.*x5.*1.828915205920514+x2.*x4.*1.234483385550339+x1.*x6.*2.364003082724588e-1+x2.*x5.*7.343027301872178e-1-x3.*x4.*9.454031203669711e-1+x2.*x6.*2.488845903220082-x3.*x5.*8.32270457702616e-1-x3.*x6.*2.004430413669535e-1-x4.*x5.*6.056758048883574e-1-x4.*x6.*4.973209092331276e-1-x5.*x6.*1.724134933423205-1.012021398496836e-4;t2.*(-2.868757251890787e-5)+t3.*4.327466578901457e-1-t4.*2.216758972642507e-2-t5.*1.552634760217325e-1+t6.*2.662583315201635e-1-t7.*1.541291874150024e-1-t8.*4.887951101816834e-1-u1.*2.864222643626559e-4+x1.*4.92033675711513e-2+x2.*6.817524778749245e-2-x3.*1.196527535629074e-3-x4.*3.087278381838636e-1+x5.*4.385038869924432e-1+x6.*2.058383904214414e-1-u1.*x1.*1.203164265719354e-2-u1.*x2.*1.476590560575837e-2-u1.*x3.*4.564590510146753e-3+u1.*x4.*2.971120412124104e-2+u1.*x5.*1.323164703122593e-1-u1.*x6.*7.723333142588577e-2+x1.*x2.*1.194401198471427e-1-x1.*x3.*3.075922445892577e-1+x1.*x4.*5.685369726807934e-1-x2.*x3.*1.950274650464567e-1-x1.*x5.*1.607687179594315+x2.*x4.*5.167601967682993e-1-x1.*x6.*4.466751226453118+x2.*x5.*7.763205294851706e-1-x3.*x4.*8.715357526825315e-1+x2.*x6.*2.50098508412396+x3.*x5.*2.564528876422416-x3.*x6.*3.825847222891877+x4.*x5.*4.923459730615877e-2+x4.*x6.*5.01873358044032e-1+x5.*x6.*1.320923701712195+1.052264990231729e-3;t2.*(-3.541412672950288e-4)+t3.*9.194240525386803e-3+t4.*1.310220541272075e-1-t5.*6.882379746651729e-1+t6.*6.916406466243136e-1+t7.*1.331677674945566e-1+t8.*4.658680305196723e-1+u1.*9.013352381572004e-4+x1.*1.291888792601766e-1+x2.*1.10354016119319e-1+x3.*2.421603562796786e-2-x4.*1.064920099842998e-1-x5.*4.744069433022234e-2+x6.*8.084004223401815e-1-u1.*x1.*4.364738111437629e-2-u1.*x2.*2.34991748439001e-2-u1.*x3.*2.73304574474417e-2+u1.*x4.*1.500665002402166e-3+u1.*x5.*3.168245857643026e-2+u1.*x6.*5.525944716616508e-2+x1.*x2.*6.821512472905369e-2-x1.*x3.*1.605245650812937+x1.*x4.*1.734031772299817e-1-x2.*x3.*2.967830401605933e-1+x1.*x5.*9.758206813109379e-1-x2.*x4.*2.340605459618726-x1.*x6.*3.952656598541209e-1+x2.*x5.*1.618140761265385+x3.*x4.*2.694216217969411e-1+x2.*x6.*1.02768383214551e-1+x3.*x5.*6.545197946724527e-1+x3.*x6.*1.166653141783683+x4.*x5.*5.850280209754304e-1+x4.*x6.*7.041377418003931e-1+x5.*x6.*7.380854212267351e-1+2.021688546017183e-4;t2.*(-6.812828374690311e-5)+t3.*7.080742234959644+t4.*9.708255918852823-t5.*9.074769182475904e-1+t6.*1.922660955424806-t7.*5.142050574328669-t8.*4.177095423017983e-1-u1.*3.417930111410061e-3+x1.*5.471436464846096e-1-x2.*2.212662247543828+x3.*3.339405957531122e-1-x4.*8.276000322122605e-1+x5.*1.594592476875322e-1+x6.*3.223385960370238e-1-u1.*x1.*6.374871184672685e-2+u1.*x2.*5.918049323583398e-1-u1.*x3.*1.210651125695341e-1+u1.*x4.*2.792689288957733e-1-u1.*x5.*8.983764882191443e-2+u1.*x6.*9.750149184508641e-2-x1.*x2.*4.723031225360555+x1.*x3.*8.656429985722978+x1.*x4.*2.352528124811795+x2.*x3.*5.185647070558248+x1.*x5.*1.290026977094098+x2.*x4.*2.445572869067043+x1.*x6.*1.127323444512424e1-x2.*x5.*9.006957276267018+x3.*x4.*1.009607937092201e1+x2.*x6.*1.396917849627922e1-x3.*x5.*3.169604027933059+x3.*x6.*6.038011743631015+x4.*x5.*5.045728310453752+x4.*x6.*1.250340861398588e1+x5.*x6.*2.982406933843135e1+1.615340569292976e-2;t2.*(-8.628530134406246e-4)-t3.*8.612292508769071-t4.*7.021538769764548-t5.*1.516841893058592-t6.*4.666152199736424-t7.*3.442605863126648-t8.*6.800483053161359-u1.*4.613395611247018e-3+x1.*2.193976477615804+x2.*9.395724349127175e-1+x3.*1.714960425836116e-1+x4.*1.167911932580967e-1-x5.*1.126244737905316+x6.*2.313527210684143e-1-u1.*x1.*6.514157200789361e-1-u1.*x2.*3.755132792666931e-1-u1.*x3.*7.278307938609992e-2+u1.*x4.*1.425533896799601e-2+u1.*x5.*1.866180939913354e-1-u1.*x6.*8.067474697622931e-2+x1.*x2.*4.000729350268833e-1-x1.*x3.*2.084870905321471e1-x1.*x4.*1.849288097622915-x2.*x3.*5.135705481131382-x1.*x5.*4.530236309086026+x2.*x4.*3.944258373950312-x1.*x6.*1.112715957598541e1-x2.*x5.*1.743474225679549+x3.*x4.*8.48942727504181e-1-x2.*x6.*1.013381332839866+x3.*x5.*2.898085525925835-x3.*x6.*3.279133810434156-x4.*x5.*1.436676130462344e1-x4.*x6.*3.320993745655698e1-x5.*x6.*7.489252945240494+2.704107690409088e-2;t2.*3.671455585039348e-3-t3.*1.664705631022996e1-t4.*1.422880880492687e1-t5.*1.301624853822169e1-t6.*1.586949671502917e1-t7.*4.449819905140741-t8.*3.584698896029614-u1.*2.402869077723993e-2+x1.*6.703406670138029e-1+x2.*5.92809632053929e-1+x3.*9.325648105766433e-1-x4.*7.330858483738533e-1-x5.*1.442888469472585-x6.*3.539469910415851e-1-u1.*x1.*4.868140514960116e-1-u1.*x2.*1.116290998141393e-1-u1.*x3.*2.66051225157777e-1+u1.*x4.*2.499476357420032e-1+u1.*x5.*2.747330245653593e-1+u1.*x6.*6.927428873565603e-2+x1.*x2.*1.748775116581589e1-x1.*x3.*3.106736216953758e1-x1.*x4.*3.306536154941627+x2.*x3.*1.734968438809796e1-x1.*x5.*1.140669218956249e1+x2.*x4.*8.520566353689096-x1.*x6.*6.990742008419739+x2.*x5.*2.997007033043354+x3.*x4.*5.10960784371435-x2.*x6.*2.552990501251267+x3.*x5.*2.994587178146932-x3.*x6.*2.351898417222922-x4.*x5.*1.274045164038376e1-x4.*x6.*1.328783966756013e1-x5.*x6.*7.941115675265883+1.288115086330311e-2];
